epoch val_loss
1394 109.54115753173828
1395 109.88136444091796
1396 110.11693267822265
1397 110.38921508789062
1398 110.52994384765626
1399 110.55708312988281
1400 110.59010009765625
1401 110.67989501953124
1402 110.79754333496093
1403 110.84754486083985
1404 110.85250854492188
1405 110.983203125
1406 110.9611312866211
1407 111.04890594482421
1408 111.09315490722656
1409 111.15733337402344
1410 111.25978088378906
1411 111.26460113525391
1412 111.3250228881836
1413 111.20535125732422
1414 111.21779937744141
1415 111.24660186767578
1416 111.4571517944336
1417 111.60155487060547
1418 111.6638427734375
1419 111.6836929321289
1420 111.76237182617187
1421 111.73648834228516
1422 111.7415054321289
1423 111.77958068847656
1424 111.7915023803711
1425 111.88636016845703
1426 112.02674865722656
1427 112.07282867431641
1428 112.12487030029297
1429 112.09927825927734
1430 112.0712677001953
1431 112.16219024658203
1432 112.18712921142578
1433 112.3374755859375
1434 112.4092514038086
1435 112.45401611328126
1436 112.4743408203125
1437 112.41310577392578
1438 112.47954559326172
1439 112.47414703369141
1440 112.54529724121093
1441 112.58133850097656
1442 112.58449096679688
1443 112.65214233398437
1444 112.72796020507812
1445 112.77261657714844
1446 112.79347076416016
1447 112.77977600097657
1448 112.83103485107422
1449 112.91633605957031
1450 112.94197387695313
1451 112.882080078125
1452 112.95412139892578
1453 113.03589172363282
1454 113.08672485351562
1455 113.14310607910156
1456 113.16615753173828
1457 113.20514221191407
1458 113.18028411865234
1459 113.26224212646484
1460 113.37660675048828
1461 113.41429138183594
1462 113.44559173583984
1463 113.33186492919921
1464 113.37859344482422
1465 113.38999481201172
1466 113.51913146972656
1467 113.5047622680664
1468 113.542041015625
1469 113.64905242919922
1470 113.70029296875
1471 113.69244842529297
1472 113.78657379150391
1473 113.87500915527343
1474 113.83777313232422
1475 113.90125579833985
1476 113.90912780761718
1477 113.9191162109375
1478 113.91758575439454
1479 114.05891418457031
1480 114.16614532470703
1481 114.14008483886718
1482 114.22593383789062
1483 114.22598876953126
1484 114.14931640625
1485 113.97838287353515
1486 114.08358459472656
1487 114.13236389160156
1488 114.07141571044922
1489 114.20591735839844
1490 114.28269500732422
1491 114.3779525756836
1492 114.44580383300782
1493 114.44215698242188
1494 114.51768341064454
1495 114.75499572753907
1496 114.9024154663086
1497 114.47563781738282
1498 114.1427215576172
1499 114.04263916015626
1500 114.09817810058594
1501 114.07842254638672
1502 114.24138946533203
1503 114.42922515869141
1504 114.61841735839843
1505 114.74793701171875
1506 114.91898956298829
1507 115.20621643066406
1508 115.41769714355469
1509 115.70035858154297
1510 115.94635772705078
1511 115.97589416503907
1512 116.07425537109376
1513 116.00299682617188
1514 115.96213836669922
1515 116.02489166259765
1516 116.12997741699219
1517 116.31473236083984
1518 116.1067886352539
1519 115.58631744384766
1520 115.49703826904297
1521 115.65182495117188
1522 115.79131469726562
1523 116.01364288330078
1524 116.25585174560547
1525 116.46756439208984
1526 116.5887680053711
1527 116.72157135009766
1528 116.73276062011719
1529 116.54656677246093
1530 116.48725738525391
1531 116.56027526855469
1532 116.68831176757813
1533 116.85942687988282
1534 116.88017425537109
1535 116.54488830566406
1536 116.40965118408204
1537 116.63575744628906
1538 116.78661651611328
1539 117.0193359375
1540 117.11123809814453
1541 116.85404663085937
1542 117.09209289550782
1543 117.02585144042969
1544 117.15240783691407
1545 117.31686859130859
1546 117.35697174072266
1547 117.39330749511718
1548 117.43144836425782
1549 117.47045440673828
1550 117.48956909179688
1551 117.49836883544921
1552 117.53434906005859
1553 117.4162612915039
1554 117.37969970703125
1555 117.40144348144531
1556 117.48178405761719
1557 117.58894805908203
1558 117.64374694824218
1559 117.65400390625
1560 117.68111724853516
1561 117.71368103027343
1562 117.77844543457032
1563 117.73415832519531
1564 117.68060607910157
1565 117.77046508789063
1566 117.8036895751953
1567 117.90916900634765
1568 117.80020599365234
1569 116.96253967285156
1570 116.88361053466797
1571 116.834228515625
1572 116.94791259765626
1573 117.35600433349609
1574 117.68348541259766
1575 118.03081665039062
1576 118.09598083496094
1577 118.15514526367187
1578 118.22932739257813
1579 118.00220184326172
1580 118.04479217529297
1581 118.14776611328125
1582 118.28663787841796
1583 118.29693450927735
1584 118.30544738769531
1585 118.33207092285156
1586 118.35305328369141
1587 118.43352966308593
1588 118.51397705078125
1589 118.54072723388671
1590 118.5196319580078
1591 118.54657592773438
1592 118.53058624267578
1593 118.6337905883789
1594 118.6924545288086
1595 118.67182312011718
1596 118.62341766357422
1597 118.6842254638672
1598 118.8108627319336
1599 118.76894073486328
1600 118.62131958007812
1601 118.78607940673828
1602 118.88067474365235
1603 118.93147888183594
1604 118.98009490966797
1605 118.86695404052735
1606 118.88139495849609
1607 118.92257080078124
1608 119.08334350585938
1609 119.12882995605469
1610 119.15054016113281
1611 119.12718811035157
1612 119.18273468017578
1613 119.23774108886718
1614 119.20199584960938
1615 119.2331756591797
1616 119.255224609375
1617 119.30631256103516
1618 119.28788146972656
1619 119.30736541748047
1620 119.32217864990234
1621 119.36259765625
1622 119.38651580810547
1623 119.42019348144531
1624 119.47310180664063
1625 119.49821014404297
1626 119.5314224243164
1627 119.57598876953125
1628 119.61754608154297
1629 119.59310302734374
1630 119.62315521240234
1631 119.65816802978516
1632 119.59730529785156
1633 119.32496490478516
1634 117.67071075439453
1635 117.21595611572266
1636 117.45750122070312
1637 118.6291290283203
1638 118.54022216796875
1639 118.23952178955078
1640 118.5041000366211
1641 118.8124267578125
1642 118.82652130126954
1643 118.40399932861328
1644 118.57719573974609
1645 118.77267303466797
1646 118.82925109863281
1647 119.04325103759766
1648 117.01188201904297
1649 116.16753692626953
1650 115.97964477539062
1651 116.17763061523438
1652 116.40626831054688
1653 116.84644622802735
1654 119.19989776611328
1655 119.16802825927735
1656 119.91601867675782
1657 120.07494506835937
1658 120.1708770751953
1659 117.14695892333984
1660 117.0234619140625
1661 117.18045349121094
1662 117.13169708251954
1663 117.70234375
1664 119.03044281005859
1665 119.28335266113281
1666 119.45034484863281
1667 119.66775054931641
1668 119.78155364990235
1669 119.7559799194336
1670 119.86680603027344
1671 119.86771392822266
1672 119.88004913330079
1673 119.9876724243164
1674 120.07359924316407
1675 120.05095672607422
1676 119.97073516845703
1677 120.04826049804687
1678 120.14496459960938
1679 120.18929290771484
1680 120.21802673339843
1681 120.22144012451172
1682 120.2433074951172
1683 120.27348175048829
1684 120.22691345214844
1685 120.45897827148437
1686 120.46183013916016
1687 120.56730041503906
1688 120.55872497558593
1689 120.57232208251953
1690 120.5216796875
1691 120.43086242675781
1692 120.47484588623047
1693 120.5153823852539
1694 120.61182403564453
1695 120.68899841308594
1696 120.6995346069336
1697 120.75252838134766
1698 120.24437255859375
1699 118.36990356445312
1700 118.4539779663086
1701 119.34708404541016
1702 120.2626708984375
1703 120.39573669433594
1704 120.5369644165039
1705 120.6937973022461
1706 120.73211669921875
1707 120.64243927001954
1708 120.51383361816406
1709 120.57375030517578
1710 120.78522644042968
1711 120.95061492919922
1712 121.01359558105469
1713 121.01138458251953
1714 120.98567962646484
1715 121.00933380126953
1716 121.04759063720704
1717 121.08953704833985
1718 121.11327209472657
1719 121.10884399414063
1720 121.0622344970703
1721 121.07771606445313
1722 121.0979721069336
1723 118.07752990722656
1724 117.5900161743164
1725 117.55466156005859
1726 117.63667144775391
1727 117.61273803710938
1728 118.98811340332031
1729 120.12738037109375
1730 120.41743316650391
1731 120.19218597412109
1732 120.21363830566406
1733 119.9798812866211
1734 119.97043304443359
1735 120.30990905761719
1736 120.67640380859375
1737 120.79806213378906
1738 120.81991882324219
1739 120.95707855224609
1740 120.98443908691407
1741 120.88142242431641
1742 120.85719757080078
1743 120.8483383178711
1744 120.9330047607422
1745 120.97557067871094
1746 121.09732971191406
1747 121.13667755126953
1748 121.16800537109376
1749 121.30302581787109
1750 121.31557922363281
1751 121.29082794189453
1752 121.31912078857422
1753 121.25917358398438
1754 121.23970489501953
1755 121.27269897460937
1756 121.3926498413086
1757 121.45530548095704
1758 118.26935272216797
1759 117.94749145507812
1760 117.86575622558594
1761 117.80256652832031
1762 117.77215728759765
1763 117.76116333007812
1764 119.22208557128906
1765 119.63103637695312
1766 119.66875305175782
1767 119.92418060302734
1768 120.32901458740234
1769 120.45662384033203
1770 120.48448944091797
1771 120.72098083496094
1772 120.73699035644532
1773 120.86005249023438
1774 120.99473571777344
1775 121.09681854248046
1776 121.13642730712891
1777 121.09700775146484
1778 121.06670989990235
1779 121.22025909423829
1780 121.339990234375
1781 121.35751800537109
1782 121.4476333618164
1783 121.31130828857422
1784 121.45814819335938
1785 121.47536163330078
1786 121.51703338623047
1787 121.48237609863281
1788 121.52468872070312
1789 121.33166046142578
1790 121.37126922607422
1791 121.54664611816406
1792 121.658447265625
1793 121.76478881835938
1794 121.70979156494141
1795 121.68766632080079
1796 121.61045989990234
1797 121.70854949951172
1798 121.74676666259765
1799 121.71945343017578
1800 121.80510711669922
1801 121.84556121826172
1802 121.84050598144532
1803 121.95450134277344
1804 121.92637634277344
1805 121.93921508789063
1806 121.75723724365234
1807 121.65116729736329
1808 121.69353637695312
1809 121.7462173461914
1810 121.88870544433594
1811 121.89293365478515
1812 121.90697326660157
1813 121.60452270507812
1814 120.17736053466797
1815 119.10387878417968
1816 120.11602325439453
1817 116.38292083740234
1818 117.5864974975586
1819 125.26401214599609
1820 117.00028686523437
1821 117.77998199462891
1822 115.7105941772461
1823 116.91192779541015
1824 115.74915161132813
1825 117.95012969970703
1826 117.46146392822266
1827 118.33435363769532
1828 118.83859100341797
1829 121.22144012451172
1830 121.4325958251953
1831 121.38904724121093
1832 121.67928314208984
1833 121.78204193115235
1834 121.75907897949219
1835 121.69145050048829
1836 121.69430084228516
1837 121.75713500976562
1838 121.7734161376953
1839 121.73339385986328
1840 121.78206329345703
1841 121.80872344970703
1842 121.83192138671875
1843 121.86857604980469
1844 121.83324584960937
1845 121.8364486694336
1846 121.88948669433594
1847 121.88192901611328
1848 121.93165588378906
1849 121.91983032226562
1850 121.95254516601562
1851 121.88030853271485
1852 121.88345642089844
1853 121.89393615722656
1854 121.99277038574219
1855 122.04493865966796
1856 122.03167877197265
1857 122.02815399169921
1858 122.01021270751953
1859 122.04829864501953
1860 122.10780792236328
1861 122.09530487060547
1862 121.7342041015625
1863 119.84014129638672
1864 121.57695159912109
1865 121.61231231689453
1866 121.92394714355468
1867 122.0743621826172
1868 121.98318939208984
1869 121.80247039794922
1870 121.72621612548828
1871 121.88704986572266
1872 122.05870208740234
1873 121.87525939941406
1874 121.77103118896484
1875 121.79346466064453
1876 121.87977752685546
1877 121.88361206054688
1878 121.94165344238282
1879 122.00455780029297
1880 122.16114959716796
1881 122.19630279541016
1882 122.1065902709961
1883 122.02906646728516
1884 122.0312255859375
1885 122.06669769287109
1886 122.10769348144531
1887 122.22864685058593
1888 122.22472839355468
1889 122.27681121826171
1890 122.28928680419922
1891 122.30917816162109
1892 122.39347229003906
1893 122.33632202148438
1894 122.23334197998047
1895 122.14657897949219
1896 122.11333923339843
1897 122.00810546875
1898 122.05408935546875
1899 122.08086700439453
1900 122.24464569091796
1901 122.33727722167968
1902 122.23971405029297
1903 122.28640747070312
1904 122.44841918945312
1905 122.50560455322265
1906 122.55520782470703
1907 122.55300750732422
1908 122.51040496826172
1909 122.5400604248047
1910 122.38516387939453
1911 122.23495788574219
1912 122.1536849975586
1913 122.06373443603516
1914 122.1441421508789
1915 122.24313659667969
1916 122.17250213623046
1917 122.2683120727539
1918 122.32166290283203
1919 122.40435943603515
1920 122.4736541748047
1921 122.41240081787109
1922 122.38662567138672
1923 122.36638641357422
1924 122.27648620605468
1925 122.46558685302735
1926 122.51361236572265
1927 122.6613784790039
1928 122.69844512939453
1929 122.5880340576172
1930 122.52160034179687
1931 122.39612731933593
1932 122.32933197021484
1933 122.31175079345704
1934 122.33295593261718
1935 122.44713439941407
1936 122.5103988647461
1937 122.58065795898438
1938 122.58779602050781
1939 122.79269409179688
1940 122.60752563476562
1941 122.47061614990234
1942 122.52237091064453
1943 122.4452896118164
1944 122.50209045410156
1945 122.42429046630859
1946 122.59848327636719
1947 122.67350006103516
1948 119.20967559814453
1949 119.48735961914062
1950 118.43021850585937
1951 118.73543395996094
1952 118.99735565185547
1953 119.28544158935547
1954 121.20633087158203
1955 121.90144195556641
1956 121.98970794677734
1957 122.21686401367188
1958 122.23084259033203
1959 122.19094543457031
1960 122.27888946533203
1961 122.2208755493164
1962 122.26419372558594
1963 122.2119644165039
1964 122.21614532470703
1965 122.19629364013672
1966 122.33091430664062
1967 122.4965316772461
1968 122.5433837890625
1969 122.70955047607421
1970 122.66459197998047
1971 122.57713470458984
1972 122.39664001464844
1973 122.4040313720703
1974 122.33999176025391
1975 121.97386779785157
1976 122.45296936035156
1977 122.74450988769532
1978 119.19119720458984
1979 119.56217803955079
1980 122.59689178466797
1981 122.76347503662109
1982 122.6454360961914
1983 122.53851776123047
1984 122.39037017822265
1985 122.18580627441406
1986 122.10235748291015
1987 122.11266479492187
1988 122.13242950439454
1989 122.21763763427734
1990 122.17326507568359
1991 122.06881408691406
1992 122.13804626464844
1993 122.19436340332031
1994 122.29928588867188
1995 122.19476165771485
1996 122.06397094726563
1997 122.12641906738281
1998 122.31127166748047
1999 122.36243286132813
2000 122.434912109375
2001 122.41302185058593
2002 122.32370147705078
2003 122.28655853271485
2004 122.41211700439453
2005 122.37970581054688
2006 122.47168426513672
2007 122.4993392944336
2008 122.65127716064453
2009 122.76158905029297
2010 122.69671936035157
2011 122.82530975341797
2012 122.64120330810547
2013 122.74976196289063
2014 122.82669830322266
2015 122.75323181152343
2016 122.78736877441406
2017 122.83985900878906
2018 122.94613189697266
2019 122.85849456787109
2020 122.96115417480469
2021 122.84812774658204
2022 122.77933807373047
2023 122.8016357421875
2024 122.71838684082032
2025 122.93187255859375
2026 122.91138305664063
2027 122.93023834228515
2028 122.90750427246094
2029 122.91464691162109
2030 122.99608306884765
2031 122.9841796875
2032 122.95843048095703
2033 122.93161010742188
2034 122.89892272949218
2035 122.8222427368164
2036 123.01947326660157
2037 123.0145034790039
2038 122.95048675537109
2039 122.88163452148437
2040 122.77256469726562
2041 122.91013641357422
2042 122.63338012695313
2043 122.52805023193359
2044 122.50894927978516
2045 122.61001892089844
2046 122.83899688720703
2047 122.87734985351562
2048 122.93229827880859
2049 122.75897674560547
2050 122.87434539794921
2051 122.95377044677734
2052 122.96760406494141
2053 122.64688720703126
2054 119.88944244384766
2055 119.52577362060546
2056 119.89947662353515
2057 120.39033508300781
2058 122.5241195678711
2059 122.66303863525391
2060 122.66156463623047
2061 123.50748901367187
2062 123.68765563964844
2063 123.67669982910157
2064 123.67746124267578
2065 123.65483703613282
2066 123.57079467773437
2067 123.52188720703126
2068 123.47414093017578
2069 123.45638580322266
2070 123.38724212646484
2071 123.38694915771484
2072 123.31649627685547
2073 122.88694915771484
2074 122.57540740966797
2075 122.39479522705078
2076 122.31880187988281
2077 122.41275482177734
2078 122.46330871582032
2079 122.39865112304688
2080 122.22464599609376
2081 122.20127563476562
2082 122.27322692871094
2083 122.42712707519532
2084 122.60033264160157
2085 122.54098052978516
2086 122.66497802734375
2087 123.05362854003906
2088 123.13095245361328
2089 122.95707855224609
2090 123.01974487304688
2091 122.88297119140626
2092 122.79260711669922
2093 122.88771209716796
2094 122.97991485595703
2095 122.92299194335938
2096 122.97611541748047
2097 122.8085723876953
2098 122.77483520507812
2099 122.87214050292968
2100 123.53037719726562
2101 123.53596496582031
2102 123.28122100830078
2103 123.15185241699218
2104 123.1524154663086
2105 122.87808990478516
2106 122.88416595458985
2107 122.96453247070312
2108 123.3789566040039
2109 122.91697540283204
2110 122.88558807373047
2111 122.92563018798828
2112 123.63762817382812
2113 123.68406524658204
2114 120.20989074707032
2115 120.41410064697266
2116 120.54151458740235
2117 120.54821319580078
2118 122.23253936767578
2119 123.86890258789063
2120 122.96284942626953
2121 122.68795928955078
2122 122.65640411376953
2123 122.77396087646484
2124 123.05122528076171
2125 123.06083068847656
2126 123.07396240234375
2127 123.04127349853516
2128 123.03493194580078
2129 123.34873504638672
2130 123.31400604248047
2131 123.37073516845703
2132 122.95250854492187
2133 122.84287567138672
2134 122.81456146240234
2135 122.83339996337891
2136 122.73952789306641
2137 122.97517242431641
2138 123.05282897949219
2139 122.89934692382812
2140 123.04055328369141
2141 123.0439437866211
2142 122.86221771240234
2143 122.84420013427734
2144 123.68814697265626
2145 123.67609405517578
2146 123.35365600585938
2147 122.99700775146485
2148 123.21282043457032
2149 119.71407012939453
2150 123.70216522216796
2151 118.58826751708985
2152 117.6861587524414
2153 118.3878158569336
2154 118.6202178955078
2155 118.73897552490234
2156 122.32994384765625
2157 118.58665313720704
2158 119.03873138427734
2159 119.17660827636719
2160 120.19269104003907
2161 123.05742797851562
2162 123.02125244140625
2163 122.6850570678711
2164 122.3547378540039
2165 121.9641326904297
2166 121.5694351196289
2167 121.37098693847656
2168 121.51773376464844
2169 121.75421295166015
2170 121.93742980957032
2171 121.7593780517578
2172 121.58291778564453
2173 121.96066131591797
2174 122.00519104003907
2175 122.03709716796875
2176 121.88956604003906
2177 121.73196563720703
2178 121.86651611328125
2179 122.05670318603515
2180 122.48985595703125
2181 119.43039245605469
2182 119.2133544921875
2183 119.16608123779297
2184 119.4808135986328
2185 119.53300476074219
2186 119.69422607421875
2187 121.94790802001953
2188 122.5392562866211
2189 122.75924224853516
2190 122.82755889892579
2191 122.69219818115235
2192 122.39348754882812
2193 122.36778259277344
2194 122.38461303710938
2195 122.54455871582032
2196 122.35503387451172
2197 122.51605377197265
2198 122.86315612792968
2199 122.83080596923828
2200 122.74116821289063
2201 122.80406951904297
2202 122.70218505859376
2203 122.64135284423828
2204 122.81331176757813
2205 122.67826843261719
2206 122.75568084716797
2207 122.70277709960938
2208 122.75243530273437
2209 122.73428344726562
2210 122.6536651611328
2211 122.56402740478515
2212 122.50121612548828
2213 122.44320983886719
2214 123.1451629638672
2215 123.0548080444336
2216 122.89989624023437
2217 122.86822204589843
2218 122.85789642333984
2219 123.0915756225586
2220 123.77651977539062
2221 123.55684661865234
2222 122.98319091796876
2223 122.88982238769532
2224 122.8279800415039
2225 122.81253814697266
2226 122.77635040283204
2227 122.91824188232422
2228 123.38319702148438
2229 123.64482116699219
2230 119.39060516357422
2231 122.80049591064453
2232 122.75723876953126
2233 123.45987243652344
2234 123.06287841796875
2235 122.8538604736328
2236 122.84537048339844
2237 122.97842712402344
2238 122.89360198974609
2239 122.89641876220703
2240 124.10741729736328
2241 120.42545776367187
2242 120.42655792236329
2243 120.55138702392578
2244 120.68282318115234
2245 120.75856018066406
2246 120.73385009765624
2247 120.63825988769531
2248 120.62146911621093
2249 123.07601165771484
2250 122.65958709716797
2251 119.69596252441406
2252 119.61682586669922
2253 119.99189605712891
2254 121.06930847167969
2255 121.85954132080079
2256 122.21545715332032
2257 122.50480041503906
2258 122.66728057861329
2259 122.7283920288086
2260 123.74460906982422
2261 123.69027252197266
2262 123.1209945678711
2263 124.9874984741211
2264 118.4436248779297
2265 116.47470397949219
2266 116.36242065429687
2267 116.66122741699219
2268 116.66270294189454
2269 116.56512756347657
2270 116.33187713623047
2271 117.58651123046874
2272 115.36688690185547
2273 115.48078155517578
2274 115.89423522949218
2275 117.558203125
2276 117.8365982055664
2277 117.7421157836914
2278 117.73063812255859
2279 117.68387908935547
2280 117.67815704345703
2281 117.65362091064453
2282 117.46279907226562
2283 117.43464965820313
2284 117.50311584472657
2285 117.50421447753907
2286 117.3318359375
2287 117.35276336669922
2288 117.28792572021484
2289 116.91637268066407
2290 117.02677307128906
2291 117.19629364013672
2292 117.20157470703126
2293 117.15523986816406
2294 117.18942413330078
2295 117.08128051757812
2296 117.08381500244141
2297 117.10817108154296
2298 116.92195587158203
2299 116.90472106933593
2300 116.9991470336914
2301 117.00308380126953
2302 116.90041961669922
2303 116.6777557373047
2304 116.76585998535157
2305 116.89887237548828
2306 116.86030883789063
2307 116.78510437011718
2308 116.73018798828124
2309 116.79515533447265
2310 116.71094360351563
2311 116.70028533935547
2312 116.71283264160157
2313 116.6788101196289
2314 116.65667724609375
2315 116.59384765625
2316 116.41078338623046
2317 116.48167266845704
2318 116.56905364990234
2319 116.57793426513672
2320 116.52134857177734
2321 116.53215637207032
2322 116.5083221435547
2323 116.47491149902343
2324 115.83072967529297
2325 115.42709503173828
2326 116.17291717529297
2327 116.3656021118164
2328 116.39515380859375
2329 116.31137084960938
2330 116.28704986572265
2331 116.28223419189453
2332 116.2479476928711
2333 116.24700012207032
2334 116.26879119873047
2335 116.16800689697266
2336 116.16372222900391
2337 115.95032501220703
2338 115.92618408203126
2339 116.0655288696289
2340 116.06953582763671
2341 115.77339782714844
2342 115.85860290527344
2343 115.99777069091797
2344 115.97563781738282
2345 115.95774536132812
2346 115.95508880615235
2347 115.91722717285157
2348 115.90333557128906
2349 115.86849975585938
2350 115.82288970947266
2351 115.78784637451172
2352 115.76399078369141
2353 115.71776275634765
2354 115.61341400146485
2355 115.61875610351562
2356 115.61992645263672
2357 115.56932678222657
2358 115.53214111328126
2359 115.50851898193359
2360 114.34407196044921
2361 115.33562622070312
2362 115.20443725585938
2363 114.40982055664062
2364 113.92883605957032
2365 114.069189453125
2366 114.28639678955078
2367 115.39335632324219
2368 113.25476989746093
2369 113.9264144897461
2370 113.86620788574218
2371 113.35914306640625
2372 113.01456298828126
2373 111.69212646484375
2374 111.92320556640625
2375 119.23374786376954
2376 120.08994598388672
2377 120.00277099609374
2378 120.3291732788086
2379 120.39919891357422
2380 120.02928466796875
2381 119.5425308227539
2382 117.76700134277344
2383 117.27961730957031
2384 116.89215240478515
2385 116.38911895751953
2386 116.29100494384765
2387 116.15179901123047
2388 116.18547821044922
2389 116.46454010009765
2390 117.11376953125
2391 117.79704437255859
2392 117.85895690917968
2393 118.0393569946289
2394 117.88413696289062
2395 117.90340118408203
2396 118.62615051269532
2397 118.82850494384766
2398 117.79432067871093
2399 117.75981903076172
2400 117.73607025146484
2401 117.64839782714844
2402 117.62400665283204
2403 117.9153045654297
2404 117.97301025390625
2405 118.44491119384766
2406 117.59590759277344
2407 117.56340026855469
2408 118.15254974365234
2409 118.02122802734375
2410 117.6325897216797
2411 118.2606430053711
2412 118.0877700805664
2413 117.26262817382812
2414 114.5732635498047
2415 115.30439147949218
2416 115.60451965332031
2417 115.31580657958985
2418 114.6573257446289
2419 114.3041976928711
2420 114.43288879394531
2421 114.91111297607422
2422 111.70425720214844
2423 111.92625885009765
2424 116.95745544433593
2425 117.22039031982422
2426 116.78893280029297
2427 117.3340850830078
2428 117.82464294433593
2429 117.28254852294921
2430 117.44560852050782
2431 118.01644744873047
2432 117.75012817382813
2433 118.05637054443359
2434 118.52092742919922
2435 117.99918670654297
2436 117.95477905273438
2437 118.55741271972656
2438 118.21962280273438
2439 118.3207015991211
2440 117.9480697631836
2441 118.2716552734375
2442 118.24264526367188
2443 118.63408966064453
2444 118.41593933105469
2445 118.92996978759766
2446 118.51850280761718
2447 118.38349151611328
2448 118.01359100341797
2449 118.59688262939453
2450 118.40638732910156
2451 118.10596618652343
2452 117.7236312866211
2453 117.1172882080078
2454 116.86960296630859
2455 117.38579864501953
2456 116.62235565185547
2457 116.13559417724609
2458 116.56548919677735
2459 117.11655120849609
2460 118.01485443115234
2461 118.31179504394531
2462 118.28934478759766
2463 117.20339965820312
2464 116.46815032958985
2465 116.11769104003906
2466 116.27895660400391
2467 112.70206451416016
2468 113.73252868652344
2469 115.58474731445312
2470 115.44666900634766
2471 118.39009094238281
2472 118.38375854492188
2473 120.63410339355468
2474 120.61473388671875
2475 117.62970581054688
2476 117.8011489868164
2477 119.20892333984375
2478 120.96748962402344
2479 120.31934051513672
2480 119.98528594970703
2481 120.76720733642578
2482 120.92488861083984
2483 119.643017578125
2484 119.57719573974609
2485 120.39124908447266
2486 119.19405670166016
2487 118.74163360595703
2488 118.73755645751953
2489 118.05570373535156
2490 118.07361602783203
2491 119.60181732177735
2492 120.06886749267578
2493 119.58834838867188
2494 120.21639099121094
2495 120.54219055175781
2496 120.73892059326172
2497 120.75502471923828
2498 120.55736083984375
2499 120.36209411621094
2500 120.63451843261718
2501 120.6750717163086
2502 120.76967163085938
2503 121.16106872558593
2504 121.12624053955078
2505 121.02479858398438
2506 121.0022964477539
2507 120.80616607666016
2508 120.7774444580078
2509 120.65122833251954
2510 120.58036956787109
2511 120.78264923095703
2512 120.83628845214844
2513 121.24423522949219
2514 121.11024017333985
2515 120.6758544921875
2516 120.68787689208985
2517 120.8506088256836
2518 120.91251831054687
2519 120.94875946044922
2520 120.26902465820312
2521 120.80511932373047
2522 121.28813323974609
2523 121.25332641601562
2524 121.2145278930664
2525 121.13034210205078
2526 121.22515106201172
2527 121.19943542480469
2528 121.04290008544922
2529 121.17025451660156
2530 121.15892028808594
2531 120.92680053710937
2532 121.20857238769531
2533 121.2029815673828
2534 121.33430786132813
2535 121.14854583740234
2536 121.23313751220704
2537 120.54808502197265
2538 120.16000213623047
2539 120.6595474243164
2540 121.1804183959961
2541 120.98779907226563
2542 120.44355010986328
2543 120.45722045898438
2544 120.3621109008789
2545 120.31635131835938
2546 120.74786682128907
2547 120.74992523193359
2548 120.82162170410156
2549 120.22914276123046
2550 120.31713562011718
2551 120.38313446044921
2552 120.63773345947266
2553 120.5155258178711
2554 120.91095123291015
2555 121.12558135986328
2556 121.46017150878906
2557 121.37150115966797
2558 121.20721435546875
2559 121.1443603515625
2560 121.08635864257812
2561 120.9258041381836
2562 121.02973022460938
2563 120.71178131103515
2564 121.05165252685546
2565 121.20504302978516
2566 120.92091217041016
2567 120.58389434814453
2568 120.61263275146484
2569 120.73265075683594
2570 120.84076232910157
2571 121.09883422851563
2572 121.00303192138672
2573 120.90020904541015
2574 121.07891998291015
2575 121.20617065429687
2576 121.04895782470703
2577 120.7824920654297
2578 120.60265808105468
2579 120.60865478515625
2580 120.71715240478515
2581 120.91126403808593
2582 120.81642150878906
2583 121.09501190185547
2584 121.38325958251953
2585 121.28690490722656
2586 121.32781524658203
2587 121.39987640380859
2588 121.1966339111328
2589 121.1691390991211
2590 121.3514419555664
2591 121.27953796386718
2592 121.52936401367188
2593 121.3779296875
2594 121.28091125488281
2595 121.35151062011718
2596 121.51802062988281
2597 121.32622985839843
2598 121.27238464355469
2599 121.17528686523437
2600 121.30861968994141
2601 121.36417694091797
2602 121.32258605957031
2603 121.42925262451172
2604 121.41014251708984
2605 121.19386138916016
2606 121.39383239746094
2607 121.24607849121094
2608 121.16981353759766
2609 121.2636703491211
2610 121.39227600097657
2611 121.16704406738282
2612 121.41468505859375
2613 121.01309356689453
2614 121.02593536376953
2615 120.90774688720703
2616 121.21653900146484
2617 121.33251495361328
2618 121.07728881835938
2619 120.87388916015625
2620 119.52113189697266
2621 119.02763671875
2622 118.98650207519532
2623 119.02108459472656
2624 118.86329040527343
2625 119.07943420410156
2626 119.35875701904297
2627 119.67744750976563
2628 120.41897583007812
2629 120.30260009765625
2630 120.3793441772461
2631 120.76856689453125
2632 120.98476715087891
2633 121.08914337158203
2634 120.83120727539062
2635 121.19194946289062
2636 120.96257934570312
2637 121.16046752929688
2638 121.41949310302735
2639 121.44242401123047
2640 121.48544006347656
2641 121.53731994628906
2642 121.56318511962891
2643 121.47767791748046
2644 121.3791519165039
2645 121.19901428222656
2646 121.28985900878907
2647 120.99575958251953
2648 120.96767883300781
2649 121.04382934570313
2650 120.80782012939453
2651 121.05961303710937
2652 120.96057434082032
2653 120.84760437011718
2654 121.17853088378907
2655 118.48985290527344
2656 118.3219970703125
2657 117.92711181640625
2658 117.26407623291016
2659 117.50087432861328
2660 115.99033203125
2661 115.80693664550782
2662 114.42470855712891
2663 114.27567749023437
2664 117.00418701171876
2665 117.4616470336914
2666 127.34805450439453
2667 122.85663146972657
2668 122.94537353515625
2669 123.10194854736328
2670 122.88995513916015
2671 122.58054809570312
2672 122.26053314208984
2673 121.93033905029297
2674 121.60253448486328
2675 121.25920104980469
2676 120.86953277587891
2677 120.48078155517578
2678 120.0979019165039
2679 119.6460968017578
2680 119.23842926025391
2681 118.86812286376953
2682 118.48827056884765
2683 118.08516540527344
2684 117.5765151977539
2685 117.04884338378906
2686 116.49783935546876
2687 115.70478210449218
2688 115.05503387451172
2689 114.43198699951172
2690 113.7182601928711
2691 113.08810424804688
2692 112.48089294433593
2693 111.19106750488281
2694 110.16312713623047
2695 109.1592010498047
2696 109.2713119506836
2697 109.14085235595704
2698 108.9832046508789
2699 109.12129974365234
2700 108.83419799804688
2701 109.02996978759765
2702 109.32096252441406
2703 109.52369384765625
2704 109.38695373535157
2705 108.78179473876953
2706 108.6493637084961
2707 108.50330352783203
2708 108.61114807128907
2709 108.68869323730469
2710 109.08439178466797
2711 108.75620727539062
2712 109.87633819580078
2713 109.78807830810547
2714 110.34602203369141
2715 110.12633666992187
2716 110.23023376464843
2717 110.20597686767579
2718 110.29370422363282
2719 110.07942810058594
2720 109.48445434570313
2721 109.89717254638671
2722 109.91808013916015
2723 109.45784606933594
2724 110.13454895019531
2725 109.4837875366211
2726 110.15286102294922
2727 110.65299224853516
2728 110.56742401123047
2729 110.36595916748047
2730 110.09847564697266
2731 109.72643737792968
2732 110.17444458007813
2733 110.44738006591797
2734 110.66742706298828
2735 110.9056167602539
2736 110.06591796875
2737 110.34531707763672
2738 110.43216094970703
2739 109.91001739501954
2740 109.89892272949218
2741 110.20416259765625
2742 109.63194274902344
2743 109.85567932128906
2744 109.40559387207031
2745 110.18490905761719
2746 110.67848052978516
2747 111.18749389648437
2748 110.42711639404297
2749 109.06043548583985
2750 109.04149932861328
2751 109.38087005615235
2752 110.32814483642578
2753 110.02952423095704
2754 109.87837982177734
2755 109.57218933105469
2756 110.36717834472657
2757 109.88057861328124
2758 110.3025909423828
2759 109.37138519287109
2760 110.06070251464844
2761 110.27655792236328
2762 109.96555633544922
2763 109.68467712402344
2764 111.0852294921875
2765 111.0726821899414
2766 109.85809326171875
2767 110.9706314086914
2768 110.32857666015624
2769 110.57593688964843
2770 109.27156829833984
2771 110.56268463134765
2772 110.21625366210938
2773 111.26859893798829
2774 110.57820281982421
2775 109.43621520996093
2776 111.0178939819336
2777 111.05794525146484
2778 110.27953643798828
2779 109.3595977783203
2780 109.76658630371094
2781 109.94551086425781
2782 110.13157653808594
2783 109.68892059326171
2784 109.53411102294922
2785 109.63567199707032
2786 110.69988861083985
2787 111.80948944091797
2788 111.27808227539063
2789 110.13047637939454
2790 109.94148864746094
2791 110.89671325683594
2792 110.76141357421875
2793 109.77888793945313
2794 109.70027618408203
2795 109.98402099609375
2796 109.76226196289062
2797 109.62245025634766
2798 109.99831085205078
2799 109.97761383056641
2800 111.90016479492188
2801 111.9878646850586
2802 111.55959625244141
2803 109.62955169677734
2804 109.59173736572265
2805 110.4318862915039
2806 108.71328582763672
2807 108.31220703125
2808 109.21051940917968
2809 110.38222045898438
2810 111.15103454589844
2811 109.73541564941407
2812 109.38923492431641
2813 109.36242218017578
2814 110.07288360595703
2815 110.56041412353515
2816 110.04137420654297
2817 109.27271270751953
2818 109.50069274902344
2819 110.63367156982422
2820 111.18460235595703
2821 109.60701751708984
2822 108.94449615478516
2823 109.83887329101563
2824 110.01939849853515
2825 109.87789764404297
2826 109.2944564819336
2827 111.36876831054687
2828 109.57201232910157
2829 109.4297088623047
2830 109.39747161865235
2831 109.71870880126953
2832 111.96527404785157
2833 111.78932495117188
2834 111.5420425415039
2835 111.190380859375
2836 110.2917465209961
2837 109.86156463623047
2838 109.57786865234375
2839 110.28944702148438
2840 110.60420074462891
2841 111.8287124633789
2842 111.36001434326172
2843 109.76623229980468
2844 109.5424591064453
2845 108.57473754882812
2846 109.08224182128906
2847 112.18704071044922
2848 112.34465637207032
2849 112.193408203125
2850 111.17302856445312
2851 110.06112823486328
2852 110.21868133544922
2853 110.35249328613281
2854 110.36641845703124
2855 109.18264465332031
2856 109.18375549316406
2857 109.94125671386719
2858 112.3398223876953
2859 112.40777282714843
2860 112.30703735351562
2861 112.20160217285157
2862 110.04781036376953
2863 108.77292327880859
2864 109.91078186035156
2865 109.73182373046875
2866 111.04488677978516
2867 112.02717895507813
2868 112.07853546142579
2869 110.7734146118164
2870 109.1604232788086
2871 111.9035140991211
2872 112.08165130615234
2873 111.53096923828124
2874 109.22587280273437
2875 109.04245300292969
2876 111.56849365234375
2877 111.64398345947265
2878 111.1688018798828
2879 109.04768371582031
2880 109.11256103515625
2881 109.11073303222656
2882 109.91085815429688
2883 108.90642395019532
2884 109.67154083251953
2885 112.3665786743164
2886 112.36356811523437
2887 112.26907196044922
2888 111.94815979003906
2889 110.13883056640626
2890 108.65644989013671
2891 108.72193756103516
2892 112.43064880371094
2893 112.50186462402344
2894 112.4173355102539
2895 112.20651397705078
2896 111.82368316650391
2897 111.3341064453125
2898 109.28017120361328
2899 108.75811462402343
2900 108.61473236083984
2901 109.39300384521485
2902 109.66407928466796
2903 112.11963500976563
2904 111.58168182373046
2905 111.84674072265625
2906 110.51237335205079
2907 109.29944915771485
2908 109.78992614746093
2909 110.28125
2910 109.39876251220703
2911 109.38472900390624
2912 111.39346313476562
2913 111.37974395751954
2914 111.29345245361328
2915 109.76773071289062
2916 111.69325103759766
2917 112.40098419189454
2918 112.37756652832032
2919 112.36050872802734
2920 111.61500091552735
2921 109.78418731689453
2922 108.8174057006836
2923 109.16017456054688
2924 109.18990173339844
2925 109.48716888427734
2926 110.92306060791016
2927 109.97136077880859
2928 110.39237213134766
2929 112.57425842285156
2930 112.73351593017578
2931 112.71610260009766
2932 112.61315612792968
2933 112.44845428466797
2934 112.1294174194336
2935 110.34077911376953
2936 109.05135345458984
2937 109.809228515625
2938 111.56461639404297
2939 112.09808654785157
2940 112.00384216308593
2941 111.55338897705079
2942 110.17486114501953
2943 111.91050567626954
2944 111.45122833251953
2945 111.38255920410157
2946 110.42420806884766
2947 112.3178924560547
2948 112.26667785644531
2949 112.43769073486328
2950 111.94189453125
2951 111.32944946289062
2952 109.6950668334961
2953 109.40232543945312
2954 109.6357192993164
2955 109.2111602783203
2956 109.43526611328124
2957 109.28694305419921
2958 108.81334075927734
2959 111.4334701538086
2960 113.15479583740235
2961 113.41900329589843
2962 113.44896545410157
2963 113.42627868652343
2964 113.30001983642578
2965 113.21199340820313
2966 113.0385955810547
2967 112.76088104248046
2968 112.40407867431641
2969 111.87838592529297
2970 111.00250701904297
2971 110.5138656616211
2972 110.38488464355468
2973 110.34443969726563
2974 111.18484954833984
2975 110.10527038574219
2976 110.64374237060547
2977 110.28502349853515
2978 111.94706115722656
2979 112.12997589111328
2980 111.49161834716797
2981 110.58997802734375
2982 109.90610961914062
2983 109.40091552734376
2984 109.69309844970704
2985 110.06022491455079
2986 109.6684356689453
2987 111.77362670898438
2988 112.0528549194336
2989 111.85832061767579
2990 111.04499664306641
2991 110.7886962890625
2992 110.59506530761719
2993 110.02076568603516
2994 109.75914459228515
2995 109.3434555053711
2996 109.47173309326172
2997 109.42718811035157
2998 109.56658935546875
2999 110.14989471435547
3000 111.53938293457031
3001 111.06738739013672
3002 111.67263336181641
3003 110.84961547851563
3004 110.20616760253907
3005 109.6027847290039
3006 109.8252182006836
3007 109.80941009521484
3008 112.09350891113282
3009 112.22325286865234
3010 112.08944244384766
3011 111.00140075683593
3012 111.1567886352539
3013 110.87054901123047
3014 110.21063995361328
3015 109.97743377685546
3016 109.8613052368164
3017 110.49733276367188
3018 110.61390228271485
3019 110.39321441650391
3020 109.83000335693359
3021 109.9369110107422
3022 111.74169464111328
3023 111.29434509277344
3024 111.29411926269532
3025 110.7155532836914
3026 110.55623168945313
3027 110.00376892089844
3028 112.16702575683594
3029 112.2560302734375
3030 111.79871673583985
3031 111.45142974853516
3032 109.99539947509766
3033 110.20178527832032
3034 110.33039855957031
3035 109.74028167724609
3036 109.53129730224609
3037 109.90894775390625
3038 110.42066345214843
3039 110.08826141357422
3040 110.50147247314453
3041 110.25524444580078
3042 111.3235107421875
3043 110.74308319091797
3044 110.34799346923828
3045 110.26084442138672
3046 110.20834197998047
3047 110.25069427490234
3048 110.19546508789062
3049 110.38986663818359
3050 110.2517807006836
3051 110.54439392089844
3052 110.0893539428711
3053 109.82355194091797
3054 109.90535430908203
3055 109.94793853759765
3056 111.001513671875
3057 110.39827575683594
3058 111.84564056396485
3059 111.46654205322265
3060 111.85614166259765
3061 110.69656829833984
3062 110.49348754882813
3063 109.93341369628907
3064 111.02937774658203
3065 110.99038848876953
3066 110.24537658691406
3067 110.09976501464844
3068 111.36650695800782
3069 110.87532806396484
3070 110.44662628173828
3071 110.27564544677735
3072 110.65142974853515
3073 110.4897674560547
3074 110.12902069091797
3075 110.10845031738282
3076 110.04582366943359
3077 109.92819061279297
3078 110.43679504394531
3079 112.32912750244141
3080 112.6358413696289
3081 112.69207763671875
3082 111.76119995117188
3083 110.11378021240235
3084 110.13784637451172
3085 110.07164916992187
3086 110.12066650390625
3087 110.02109069824219
3088 109.98755187988282
3089 110.27786712646484
3090 110.19725189208984
3091 110.08853759765626
3092 110.2585220336914
3093 110.30968627929687
3094 110.13178405761718
3095 111.99166412353516
3096 112.00741882324219
3097 111.93644714355469
3098 111.1708770751953
3099 110.33773956298828
3100 110.42859954833985
3101 111.17774353027343
3102 110.24267272949218
3103 110.06185760498047
3104 110.11627655029297
3105 110.09867401123047
3106 110.43763732910156
3107 111.82573089599609
3108 112.248095703125
3109 111.428759765625
3110 111.27589569091796
3111 110.1402816772461
3112 110.0566421508789
3113 110.08683776855469
3114 110.13496398925781
3115 110.14682312011719
3116 110.13444061279297
3117 110.10753021240234
3118 110.20571594238281
3119 110.33332672119141
3120 110.13865661621094
3121 110.24685363769531
3122 110.22353057861328
3123 110.16124725341797
3124 110.13089599609376
3125 110.08776245117187
3126 110.10804290771485
3127 110.14694213867188
3128 111.15109710693359
3129 110.99039154052734
3130 110.59435272216797
3131 110.28329620361328
3132 110.11277618408204
3133 110.10541687011718
3134 112.14024353027344
3135 113.81977233886718
3136 114.02609100341797
3137 114.09991912841797
3138 114.10968475341797
3139 114.10335235595703
3140 114.06011962890625
3141 114.00457305908203
3142 113.96504364013671
3143 113.94296722412109
3144 113.8902801513672
3145 113.84205780029296
3146 113.83020782470703
3147 113.81537170410157
3148 113.79322204589843
3149 113.81677703857422
3150 113.82716522216796
3151 113.83209838867188
3152 113.83052062988281
3153 113.8033203125
3154 113.81807403564453
3155 113.80672607421874
3156 113.78726654052734
3157 113.79643096923829
3158 113.77124633789063
3159 113.79439544677734
3160 113.82165222167968
3161 113.84398040771484
3162 113.81331481933594
3163 113.8151641845703
3164 113.76941223144532
3165 113.79474334716797
3166 113.81412048339844
3167 113.8444610595703
3168 113.8151351928711
3169 113.82067565917968
3170 113.83863830566406
3171 113.81974639892579
3172 113.8333740234375
3173 113.83009490966796
3174 113.81965789794921
3175 113.80606231689453
3176 113.85764923095704
3177 113.85162506103515
3178 113.84506683349609
3179 113.90074005126954
3180 113.90741119384765
3181 113.91310272216796
3182 113.8786392211914
3183 113.9046401977539
3184 113.91822357177735
3185 113.9006118774414
3186 113.89235229492188
3187 113.883056640625
3188 113.83411712646485
3189 113.88483581542968
3190 113.85638580322265
3191 113.87805633544922
3192 113.876708984375
3193 113.87601928710937
3194 113.89923095703125
3195 113.90296478271485
3196 113.89793090820312
3197 113.88187561035156
3198 113.86091613769531
3199 113.86724090576172
3200 113.8763641357422
3201 113.84705657958985
3202 113.85870208740235
3203 113.8814453125
3204 113.93287048339843
3205 113.95826568603516
3206 113.96725311279297
3207 113.94759826660156
3208 113.96501312255859
3209 113.96274871826172
3210 113.93491668701172
3211 113.92584381103515
3212 113.92089538574218
3213 113.91773986816406
3214 113.91460876464843
3215 113.95191497802735
3216 113.98526611328126
3217 113.96736145019531
3218 113.96439208984376
3219 113.97203674316407
3220 113.93991241455078
3221 113.95367126464843
3222 113.94177551269532
3223 113.96465911865235
3224 113.94538879394531
3225 114.00099639892578
3226 113.98650360107422
3227 113.94710540771484
3228 113.97842864990234
3229 113.97197113037109
3230 113.950537109375
3231 114.06009063720703
3232 114.04766540527343
3233 114.00343475341796
3234 114.00195770263672
3235 113.9575927734375
3236 113.9456771850586
3237 113.91826934814453
3238 113.88899230957031
3239 113.87344512939453
3240 113.93622436523438
3241 113.92755584716797
3242 113.8830062866211
3243 113.87320861816406
3244 113.94168853759766
3245 113.97643127441407
3246 114.01424560546874
3247 114.0039566040039
3248 114.01493835449219
3249 114.01868286132813
3250 114.04539642333984
3251 114.04612731933594
3252 114.00079803466797
3253 113.99466857910156
3254 113.9773666381836
3255 113.98526153564453
3256 114.02022857666016
3257 114.01445617675782
3258 114.05228118896484
3259 114.07278137207031
3260 114.04486999511718
3261 114.1097640991211
3262 114.08868865966797
3263 114.1315933227539
3264 114.09138336181641
3265 114.1098403930664
3266 114.1170166015625
3267 114.0998321533203
3268 114.14872436523437
3269 114.10983123779297
3270 114.10279083251953
3271 114.07842864990235
3272 114.09166107177734
3273 114.17608947753907
3274 114.14477844238282
3275 114.13308563232422
3276 114.12671203613282
3277 114.15357360839843
3278 114.10517730712891
3279 114.12583770751954
3280 114.18099822998047
3281 114.14948883056641
3282 114.09009094238282
3283 114.07423553466796
3284 114.07398529052735
3285 114.01756744384765
3286 114.02976531982422
3287 114.00520782470703
3288 114.08848876953125
3289 114.16139678955078
3290 114.16553649902343
3291 114.11737060546875
3292 114.1297622680664
3293 114.08451080322266
3294 114.0993865966797
3295 114.06170501708985
3296 114.23090362548828
3297 114.24834899902343
3298 114.26200256347656
3299 114.27346649169922
3300 114.25184173583985
3301 114.2415542602539
3302 114.26381072998046
3303 114.23582458496094
3304 114.2094940185547
3305 114.21467742919921
3306 114.20660552978515
3307 114.12440032958985
3308 114.14114227294922
3309 114.16319885253907
3310 114.1619888305664
3311 114.15939483642578
3312 114.12019195556641
3313 114.20846557617188
3314 114.266259765625
3315 114.23377838134766
3316 114.24669494628907
3317 114.2037567138672
3318 114.16174774169922
3319 114.17526245117188
3320 114.19461364746094
3321 114.21935729980468
3322 114.19022979736329
3323 114.14253845214844
3324 114.15183563232422
3325 114.12370452880859
3326 114.17809753417968
3327 114.1474395751953
3328 114.19753723144531
3329 114.18103485107422
3330 114.14191131591797
3331 114.16681518554688
3332 114.18108978271485
3333 114.18275451660156
3334 114.19288024902343
3335 114.22364349365235
3336 114.25257110595703
3337 114.23389434814453
3338 114.25186614990234
3339 114.23852081298828
3340 114.19738159179687
3341 114.19192047119141
3342 114.14540252685546
3343 114.14144592285156
3344 114.1905532836914
3345 114.1425064086914
3346 114.02789459228515
3347 114.01151275634766
3348 114.11235961914062
3349 114.0705581665039
3350 114.15348052978516
3351 114.14921417236329
3352 114.13452758789063
3353 114.1703872680664
3354 114.19361419677735
3355 114.2818588256836
3356 114.30087585449219
3357 114.26646270751954
3358 114.31948547363281
3359 114.25920867919922
3360 114.17389678955078
3361 114.03373260498047
3362 113.94558715820312
3363 114.2485366821289
3364 114.22277221679687
3365 114.30347595214843
3366 114.28101806640625
3367 114.2732650756836
3368 114.2345199584961
3369 114.30216522216797
3370 114.23229522705078
3371 114.1938247680664
3372 114.07386779785156
3373 114.03139953613281
3374 113.90972900390625
3375 114.11125793457032
3376 114.13777160644531
3377 114.23231048583985
3378 114.16961822509765
3379 114.08691711425782
3380 114.14909210205079
3381 114.31135711669921
3382 114.2862335205078
3383 114.27970733642579
3384 114.24886627197266
3385 114.21117095947265
3386 114.28343200683594
3387 114.2721176147461
3388 114.20342864990235
3389 114.01472778320313
3390 113.96987457275391
3391 114.01874694824218
3392 114.06230316162109
3393 114.28431701660156
