epoch val_loss
1 436.7150451660156
2 432.960888671875
3 427.451806640625
4 419.5936767578125
5 407.75929565429686
6 387.86741943359374
7 352.0006042480469
8 300.2192626953125
9 248.10891418457032
10 204.13384399414062
11 169.81452026367188
12 149.43671264648438
13 140.603369140625
14 137.237353515625
15 136.15375671386718
16 136.7257537841797
17 137.26512756347657
18 137.71747741699218
19 138.44291076660156
20 139.05953216552734
21 138.82141876220703
22 139.345654296875
23 139.0579376220703
24 139.02670440673828
25 138.3149398803711
26 138.39272918701172
27 139.66062622070314
28 139.1983428955078
29 138.88597259521484
30 138.64439239501954
31 138.4104446411133
32 138.32738647460937
33 137.69676208496094
34 139.14475860595704
35 138.26309356689453
36 138.06031799316406
37 137.9169952392578
38 138.7993957519531
39 138.92684173583984
40 139.35675354003905
41 139.05505828857423
42 139.64358520507812
43 139.03304748535157
44 139.27586212158204
45 138.74244995117186
46 138.07667694091796
47 137.78539581298827
48 137.9671646118164
49 137.19732818603515
50 137.4396011352539
51 137.94517211914064
52 138.94156951904296
53 138.80104217529296
54 138.17528076171874
55 137.79354248046874
56 138.0696258544922
57 139.69264221191406
58 138.32281494140625
59 137.99561157226563
60 136.0884780883789
61 136.62164611816405
62 137.30662384033204
63 137.10531005859374
64 135.82272644042968
65 135.03687286376953
66 140.50102844238282
67 141.22616882324218
68 138.6295928955078
69 138.08698272705078
70 136.59962615966796
71 133.25298156738282
72 130.89047546386718
73 127.97086944580079
74 135.40767364501954
75 140.57994384765624
76 139.43275146484376
77 136.54601135253907
78 136.76484375
79 135.52792205810547
80 136.2183868408203
81 137.51522216796874
82 136.32895202636718
83 136.62466583251953
84 135.74993743896485
85 131.00674133300782
86 132.59540863037108
87 127.75190124511718
88 130.48860778808594
89 134.60931243896485
90 137.03421173095703
91 132.3812713623047
92 130.65211639404296
93 133.85948944091797
94 142.98303833007813
95 123.353125
96 129.62169494628907
97 133.61694793701173
98 136.34263458251954
99 136.14952087402344
100 136.08602752685547
101 133.56977081298828
102 140.91024780273438
103 129.8228729248047
104 134.45744934082032
105 133.10035705566406
106 127.92247314453125
107 129.889208984375
108 131.78005676269532
109 135.59319305419922
110 137.92913665771485
111 138.51866607666017
112 139.60895385742188
113 135.72291870117186
114 133.99444885253905
115 132.552392578125
116 138.83460235595703
117 132.0270767211914
118 133.5913299560547
119 133.49739685058594
120 134.08192138671876
121 136.33454132080078
122 129.46169891357422
123 127.43572540283203
124 126.5747299194336
125 162.18433837890626
126 141.45388488769532
127 134.74785461425782
128 133.2115280151367
129 133.10321960449218
130 134.7748825073242
131 134.1634963989258
132 133.50490112304686
133 131.80430908203124
134 129.39395446777343
135 133.2214324951172
136 126.09388275146485
137 125.2531494140625
138 125.84802703857422
139 111.75099029541016
140 172.16028442382813
141 134.69234466552734
142 132.48546905517577
143 126.90162506103516
144 129.04483184814453
145 129.8435501098633
146 127.1722396850586
147 120.9765853881836
148 124.95683441162109
149 129.93827362060546
150 129.89004364013672
151 131.58901977539062
152 139.83298034667968
153 127.38705749511719
154 119.94444885253907
155 131.6894302368164
156 132.79118957519532
157 133.32947692871093
158 127.12611846923828
159 129.62887115478514
160 140.03819274902344
161 135.7907928466797
162 132.53091888427736
163 130.5812225341797
164 127.95809631347656
165 124.90403289794922
166 155.49273986816405
167 124.42740173339844
168 130.53675842285156
169 128.26508026123048
170 135.62456665039062
171 120.29341888427734
172 147.79119567871095
173 202.12714233398438
174 147.7589141845703
175 132.92000732421874
176 128.72276611328124
177 131.88849945068358
178 135.98323822021484
179 136.9751220703125
180 134.32397003173827
181 132.78092346191406
182 132.36981506347655
183 132.13362579345704
184 129.97922973632814
185 126.63493041992187
186 123.87697143554688
187 121.63270263671875
188 121.13130493164063
189 154.21665954589844
190 133.74373474121094
191 120.20147705078125
192 152.5653076171875
193 114.00161895751953
194 131.32884979248047
195 127.85874786376954
196 139.6404800415039
197 141.589013671875
198 136.7164276123047
199 130.74683074951173
200 123.37271423339844
201 114.81590728759765
202 119.59472198486328
203 113.00929260253906
204 113.94558410644531
205 113.38634796142578
206 159.46172485351562
207 133.65293884277344
208 129.1823944091797
209 130.50189514160155
210 132.11658782958983
211 133.9072265625
212 134.05072479248048
213 133.67816772460938
214 132.13327331542968
215 131.6467254638672
216 133.21060943603516
217 131.6820053100586
218 128.51407928466796
219 125.19983215332032
220 121.21346588134766
221 121.13382568359376
222 144.85418701171875
223 118.7285140991211
224 108.60500793457031
225 117.09540100097657
226 119.1803482055664
227 120.61016387939453
228 113.34138793945313
229 102.18387908935547
230 120.38775329589843
231 105.50712890625
232 116.17255554199218
233 103.65175018310546
234 109.17994842529296
235 101.60040740966797
236 103.60881195068359
237 112.48940887451172
238 101.9033706665039
239 99.2282470703125
240 102.95032196044922
241 113.10904083251953
242 111.1143783569336
243 113.21117095947265
244 102.64601440429688
245 106.13826904296874
246 105.38202514648438
247 101.30934143066406
248 116.15316467285156
249 110.83114166259766
250 98.95805969238282
251 109.75081634521484
252 106.44473419189453
253 100.18348388671875
254 107.16342010498047
255 100.00427703857422
256 101.00055694580078
257 95.2125732421875
258 136.24075317382812
259 108.76023559570312
260 114.69737548828125
261 111.32623596191407
262 107.88145294189454
263 110.16996459960937
264 99.40563507080078
265 112.68621063232422
266 118.7171859741211
267 101.85467834472657
268 104.57359313964844
269 107.02999114990234
270 111.35152587890624
271 94.83750915527344
272 103.53899841308593
273 98.8007583618164
274 100.53789978027343
275 107.06727905273438
276 97.97754364013672
277 97.25108184814454
278 101.94036407470703
279 100.13306274414063
280 105.10521697998047
281 110.62218017578125
282 100.4767333984375
283 110.68133544921875
284 100.91490325927734
285 98.64446258544922
286 97.83881378173828
287 99.8824234008789
288 100.81378631591797
289 99.3770248413086
290 97.43008422851562
291 98.39485321044921
292 98.8788330078125
293 96.12303619384765
294 109.04533081054687
295 115.09075164794922
296 105.39291687011719
297 103.91000061035156
298 101.13786315917969
299 100.47810211181641
300 105.51280212402344
301 101.65634613037109
302 99.00507049560547
303 94.92616729736328
304 94.67538452148438
305 104.0854995727539
306 96.24305877685546
307 98.15884857177734
308 96.80842742919921
309 98.73514556884766
310 112.8955093383789
311 99.47043151855469
312 99.54078826904296
313 99.43939819335938
314 96.63859100341797
315 94.79761657714843
316 97.68189697265625
317 105.08267517089844
318 96.08812866210937
319 98.95793914794922
320 97.65099334716797
321 98.3552749633789
322 101.3159423828125
323 95.95694732666016
324 94.22513580322266
325 103.0560531616211
326 95.9382568359375
327 100.35063781738282
328 99.7580581665039
329 101.44947814941406
330 107.90106506347657
331 99.33021087646485
332 98.3430892944336
333 93.71951751708984
334 91.03728790283203
335 94.49854431152343
336 107.54583740234375
337 95.5299072265625
338 93.46753234863282
339 126.88971557617188
340 111.52363433837891
341 116.57960205078125
342 112.12750244140625
343 112.26688232421876
344 101.61539001464844
345 96.82675170898438
346 115.8287338256836
347 104.87898559570313
348 105.57517547607422
349 102.27958831787109
350 98.05825653076172
351 97.25742034912109
352 95.67944641113282
353 96.56649780273438
354 95.05185089111328
355 103.17806091308594
356 98.39216918945313
357 105.02083129882813
358 93.97559661865235
359 94.8823455810547
360 107.21553192138671
361 95.78254852294921
362 96.71400451660156
363 94.41156158447265
364 97.58828277587891
365 98.05234375
366 98.37760772705079
367 102.63167877197266
368 94.42197265625
369 99.69760284423828
370 94.35296173095703
371 92.78518981933594
372 102.23032989501954
373 109.92181091308593
374 101.0113754272461
375 93.3785186767578
376 91.5650619506836
377 93.94309997558594
378 94.29527740478515
379 99.60352478027343
380 94.91329498291016
381 94.25860290527343
382 95.49502105712891
383 96.46052856445313
384 94.51334686279297
385 94.27750396728516
386 105.13234405517578
387 93.54925079345703
388 97.67789764404297
389 95.9080307006836
390 90.56113739013672
391 96.01741485595703
392 94.84808044433593
393 178.87999572753907
394 148.80687255859374
395 126.56371307373047
396 121.0196029663086
397 120.77855224609375
398 121.7469253540039
399 120.91033630371093
400 116.71046905517578
401 111.06336975097656
402 105.61837615966797
403 100.82404022216797
404 97.7690216064453
405 96.80984344482422
406 98.90807342529297
407 107.22481994628906
408 99.25353240966797
409 94.25153045654297
410 94.34841766357422
411 103.62827911376954
412 92.93971710205078
413 94.12398376464844
414 100.935205078125
415 97.68856964111328
416 91.24979400634766
417 101.36957397460938
418 97.96027374267578
419 104.99996643066406
420 95.70225219726562
421 91.93374481201172
422 100.37479858398437
423 98.66128692626953
424 98.87728271484374
425 98.93154907226562
426 103.08452453613282
427 98.30408782958985
428 98.21627044677734
429 101.3109359741211
430 92.46816558837891
431 97.6423324584961
432 97.47138061523438
433 92.45893859863281
434 97.42103271484375
435 94.24357299804687
436 98.53855438232422
437 93.11494293212891
438 90.99446411132813
439 92.6404296875
440 94.71557159423828
441 93.24181823730468
442 96.29512634277344
443 93.74053497314453
444 102.49254302978515
445 105.56840057373047
446 98.18799743652343
447 101.38722381591796
448 94.48656768798828
449 90.7171615600586
450 97.68507843017578
451 95.75895538330079
452 96.7916046142578
453 105.36080169677734
454 101.2683319091797
455 99.92456359863282
456 90.50961761474609
457 99.47976379394531
458 103.45773620605469
459 100.64210357666016
460 96.54299468994141
461 94.56328582763672
462 90.1983154296875
463 94.63513946533203
464 95.56271820068359
465 92.70882873535156
466 91.7353286743164
467 98.19049987792968
468 100.54805450439453
469 101.10673370361329
470 96.21309356689453
471 92.76715545654297
472 92.60779724121093
473 89.24134979248046
474 97.82895202636719
475 96.62032470703124
476 91.8486557006836
477 90.04912109375
478 95.65851745605468
479 101.48817291259766
480 100.45816192626953
481 100.39990692138672
482 95.26839904785156
483 90.32670745849609
484 99.19334716796875
485 99.31491546630859
486 88.79837341308594
487 98.6423110961914
488 91.92194366455078
489 90.07296752929688
490 87.56108093261719
491 98.52621307373047
492 101.80842590332031
493 90.54081878662109
494 96.19415740966797
495 89.48291778564453
496 92.9233383178711
497 98.29268341064453
498 101.04993896484375
499 93.98298797607421
500 124.71452331542969
501 118.11730346679687
502 106.46941986083985
503 101.98865661621093
504 95.51620635986328
505 94.53690032958984
506 93.52301025390625
507 92.90147857666015
508 95.19464721679688
509 100.00567169189453
510 97.06941680908203
511 92.23644104003907
512 119.97855072021484
513 95.64958953857422
514 94.0310791015625
515 96.01692047119141
516 91.68614349365234
517 92.92047119140625
518 100.8146759033203
519 97.64727020263672
520 100.92237854003906
521 110.66181793212891
522 101.12765960693359
523 103.92164154052735
524 100.724072265625
525 98.25352935791015
526 107.74311981201171
527 103.21094360351563
528 97.10570373535157
529 111.49144134521484
530 106.97822875976563
531 101.56860809326172
532 110.79289093017579
533 106.08899993896485
534 105.0247787475586
535 97.23075714111329
536 88.70997161865235
537 110.63818359375
538 106.61270751953126
539 99.25227813720703
540 98.45220947265625
541 89.8984878540039
542 103.56613616943359
543 102.63886260986328
544 99.03030395507812
545 94.49076995849609
546 90.41638946533203
547 92.38718872070312
548 91.10400390625
549 94.82001495361328
550 89.445947265625
551 90.55460357666016
552 91.66453704833984
553 87.30045013427734
554 90.20565185546874
555 97.89730224609374
556 100.2587646484375
557 99.76374664306641
558 95.72972717285157
559 95.25516967773437
560 95.68707733154297
561 91.69234313964844
562 88.60246429443359
563 90.60451812744141
564 92.95774841308594
565 93.87840118408204
566 94.2843002319336
567 106.01537475585937
568 88.89554901123047
569 91.6599105834961
570 92.44569549560546
571 97.57014770507813
572 94.19289703369141
573 97.77997283935547
574 91.62118377685547
575 92.27702178955079
576 91.1765365600586
577 88.3002914428711
578 90.86182861328125
579 86.89319763183593
580 93.81883239746094
581 102.17032165527344
582 88.07797393798828
583 98.5237319946289
584 95.67285461425782
585 93.81386871337891
586 92.32520446777343
587 118.19120635986329
588 109.55551605224609
589 101.03735656738282
590 93.4599609375
591 88.73619232177734
592 92.14906768798828
593 89.4346939086914
594 89.57513275146485
595 90.63168182373047
596 92.65862426757812
597 91.94359588623047
598 101.72196044921876
599 100.8005615234375
600 94.05998382568359
601 88.357373046875
602 88.70083465576172
603 129.72685699462892
604 140.42745666503907
605 124.97350006103515
606 118.16077575683593
607 115.56682434082032
608 112.3075164794922
609 105.23480529785157
610 103.02198028564453
611 114.13300170898438
612 105.72285308837891
613 113.16257019042969
614 108.33127899169922
615 108.86331176757812
616 109.53807220458984
617 100.05699310302734
618 99.86991271972656
619 100.21845092773438
620 96.04046478271485
621 107.44238891601563
622 101.74781341552735
623 100.62542877197265
624 99.99131927490234
625 95.02132873535156
626 91.71617279052734
627 95.98762664794921
628 110.07922668457032
629 104.90760650634766
630 100.58135986328125
631 97.46549530029297
632 97.1792205810547
633 94.88400573730469
634 94.1500259399414
635 96.65856323242187
636 93.2576675415039
637 93.9729232788086
638 94.28343200683594
639 97.03501739501954
640 97.23126068115235
641 98.58089904785156
642 94.7036865234375
643 95.67464447021484
644 88.78538055419922
645 97.58904724121093
646 96.68312072753906
647 90.25914611816407
648 93.54373779296876
649 94.37741241455078
650 96.91110229492188
651 94.34647674560547
652 95.42560729980468
653 95.00827178955078
654 91.45509185791016
655 94.36427307128906
656 93.19037322998047
657 99.79889373779297
658 91.93860473632813
659 85.25691070556641
660 88.11573486328125
661 91.09655303955078
662 90.98090362548828
663 85.54115753173828
664 92.54597930908203
665 98.26887512207031
666 105.9676513671875
667 96.51327362060547
668 86.4001251220703
669 89.61517639160157
670 93.5396224975586
671 94.79132843017578
672 90.1051254272461
673 93.00369720458984
674 95.0484603881836
675 90.03983764648437
676 88.05573120117188
677 89.57689056396484
678 87.81808776855469
679 99.4695816040039
680 90.25037841796875
681 87.3773422241211
682 90.21911315917968
683 98.43926086425782
684 97.55042877197266
685 81.79188079833985
686 114.56150970458984
687 140.91177673339843
688 118.56117706298828
689 103.62615051269532
690 98.59795379638672
691 92.65849456787109
692 90.11404113769531
693 87.81114959716797
694 106.18602447509765
695 97.59704895019532
696 98.75343780517578
697 96.04951934814453
698 93.22789306640625
699 287.7333129882812
700 238.41324462890626
701 196.14769897460937
702 167.3310302734375
703 150.99612426757812
704 141.5560333251953
705 136.98129272460938
706 135.02210693359376
707 134.01471862792968
708 134.46373596191407
709 134.61615905761718
710 135.1915267944336
711 135.0150924682617
712 135.56551513671874
713 135.3308120727539
714 134.600927734375
715 134.86194763183593
716 133.71136322021485
717 133.21092987060547
718 133.3409225463867
719 134.2665588378906
720 132.16430206298827
721 131.68755035400392
722 131.28483123779296
723 129.3938995361328
724 128.1155029296875
725 128.06961212158203
726 124.00143890380859
727 124.20276641845703
728 138.39972076416015
729 137.42013854980468
730 136.34551391601562
731 135.65780181884764
732 134.73670501708983
733 134.33231506347656
734 134.6034133911133
735 134.33313903808593
736 133.96883087158204
737 134.28226470947266
738 134.71800231933594
739 134.4496292114258
740 133.53001251220704
741 133.1598373413086
742 133.5347702026367
743 134.8670425415039
744 133.4985122680664
745 132.4723358154297
746 132.74005584716798
747 131.43609771728515
748 131.56669158935546
749 131.5957275390625
750 129.9855194091797
751 130.53194274902344
752 130.08817138671876
753 130.22222595214845
754 122.82834320068359
755 142.76214599609375
756 133.15912170410155
757 111.17155609130859
758 127.16362762451172
759 125.91258087158204
760 127.33759460449218
761 132.88384552001952
762 134.44107666015626
763 132.07434539794923
764 129.68355407714844
765 129.26251678466798
766 129.40460205078125
767 126.39720306396484
768 125.4224624633789
769 122.97053833007813
770 120.50014953613281
771 122.57547302246094
772 117.20370635986328
773 142.7322784423828
774 136.35930633544922
775 131.94511871337892
776 129.4977767944336
777 126.82056884765625
778 124.39039611816406
779 124.20667419433593
780 121.77207641601562
781 117.49361267089844
782 133.58011627197266
783 128.56499328613282
784 122.14461059570313
785 119.38954162597656
786 116.2374038696289
787 118.38368682861328
788 114.13052978515626
789 109.00618286132813
790 122.85436401367187
791 120.52649383544922
792 136.3791702270508
793 121.02986145019531
794 117.70426177978516
795 114.11489410400391
796 108.84227142333984
797 101.50434875488281
798 107.41402740478516
799 101.64627838134766
800 102.80203704833984
801 107.63576812744141
802 114.31562805175781
803 96.29808349609375
804 126.61714172363281
805 123.32589263916016
806 124.83473205566406
807 130.3580123901367
808 132.77436065673828
809 130.01862030029298
810 127.99158782958985
811 128.3100341796875
812 125.61886901855469
813 125.90928955078125
814 122.6015640258789
815 123.4706817626953
816 116.70360565185547
817 119.0014892578125
818 116.65156555175781
819 108.18485717773437
820 227.36673889160156
821 168.2157775878906
822 132.7475830078125
823 129.36600494384766
824 127.60430908203125
825 128.54359741210936
826 125.38344879150391
827 126.24280548095703
828 123.85419464111328
829 117.72369689941407
830 140.3978729248047
831 122.42969665527343
832 117.88960571289063
833 107.30540313720704
834 112.54187469482422
835 112.6857666015625
836 107.00333404541016
837 103.47462158203125
838 125.05363006591797
839 117.22849884033204
840 117.84569396972657
841 111.02600708007813
842 111.7856231689453
843 145.40748596191406
844 104.15077667236328
845 104.89392852783203
846 96.06131286621094
847 99.34203186035157
848 119.63499908447265
849 117.36876678466797
850 113.85897216796874
851 111.51676635742187
852 101.83798828125
853 134.88147583007813
854 103.7190170288086
855 109.28499603271484
856 106.7782470703125
857 101.73577423095703
858 102.37154388427734
859 106.29646148681641
860 101.8990707397461
861 101.91848297119141
862 100.93169250488282
863 99.47543640136719
864 99.90415954589844
865 96.80385131835938
866 97.1000473022461
867 98.50063018798828
868 95.19769592285157
869 98.64541320800781
870 92.0996597290039
871 90.05947723388672
872 102.97803649902343
873 102.96359100341797
874 98.13347930908203
875 101.45162506103516
876 93.0768814086914
877 98.7980728149414
878 97.15315856933594
879 88.88259887695312
880 90.07440643310547
881 91.66496124267579
882 105.97791137695313
883 106.61354370117188
884 103.84472045898437
885 106.63168334960938
886 102.62455444335937
887 94.50116424560547
888 103.61988525390625
889 101.5501205444336
890 96.31146697998047
891 106.49921417236328
892 98.08272247314453
893 93.43240356445312
894 94.13276977539063
895 98.43255157470703
896 104.25111541748046
897 100.79557495117187
898 98.29747467041015
899 101.8660385131836
900 92.91112060546875
901 94.85728607177734
902 99.57880401611328
903 91.902587890625
904 94.3688461303711
905 100.93339233398437
906 90.24237670898438
907 96.00969848632812
908 99.0507797241211
909 92.97381896972657
910 94.27470092773437
911 90.44164428710937
912 90.72439575195312
913 89.90799713134766
914 97.23213958740234
915 94.4915985107422
916 94.53371887207031
917 101.28238372802734
918 96.87632598876954
919 93.61016693115235
920 90.52238311767579
921 104.89880828857422
922 97.4168472290039
923 157.57779846191406
924 121.5082275390625
925 127.94468231201172
926 132.13231201171874
927 124.98627624511718
928 120.92778167724609
929 120.14082946777344
930 116.2473373413086
931 112.5673599243164
932 115.22623138427734
933 108.24872283935547
934 102.35059509277343
935 104.54628448486328
936 122.06212615966797
937 109.63904418945313
938 111.54832000732422
939 101.82712249755859
940 97.50440979003906
941 103.00516510009766
942 104.83077697753906
943 103.65687103271485
944 100.2102783203125
945 104.97482604980469
946 102.42138214111328
947 98.33490295410157
948 98.39085845947265
949 93.47669677734375
950 100.40198669433593
951 95.5197738647461
952 95.10840148925782
953 93.35888977050782
954 103.05089416503907
955 92.9775634765625
956 95.44099273681641
957 104.2410888671875
958 93.6891082763672
959 108.03406372070313
960 136.8159194946289
961 96.71325225830078
962 100.47854461669922
963 109.77232208251954
964 99.4446517944336
965 103.66311798095703
966 106.07562255859375
967 99.33528594970703
968 96.36335906982421
969 94.74549102783203
970 94.35587005615234
971 98.95767059326172
972 94.6214599609375
973 97.84482421875
974 104.85486297607422
975 102.27671813964844
976 96.83269805908203
977 100.40898742675782
978 98.34035797119141
979 96.23517303466797
980 93.76016387939453
981 106.78184661865234
982 100.55411682128906
983 108.8432846069336
984 100.46218719482422
985 96.82930908203124
986 92.0919174194336
987 97.1466567993164
988 93.21349029541015
989 140.25562744140626
990 106.6901870727539
991 117.48546142578125
992 106.13132019042969
993 103.05554504394532
994 102.76840057373047
995 104.08519592285157
996 105.69468688964844
997 101.66552124023437
998 100.36087036132812
999 99.57233581542968
1000 96.67898712158203
1001 95.00488891601563
1002 97.54483947753906
1003 95.76342315673828
1004 95.41874389648437
1005 92.51753997802734
1006 90.80475006103515
1007 95.04209899902344
1008 89.36527862548829
1009 93.6396255493164
1010 101.40469207763672
1011 101.0992919921875
1012 99.4784164428711
1013 89.39221954345703
1014 104.81599884033203
1015 91.43343658447266
1016 149.0504638671875
1017 143.66091918945312
1018 116.97812194824219
1019 127.44338684082031
1020 121.31570281982422
1021 118.42383117675782
1022 117.45388336181641
1023 116.79934539794922
1024 96.89312744140625
1025 108.47384338378906
1026 106.25161743164062
1027 169.0347442626953
1028 154.01340026855468
1029 131.46692962646483
1030 125.50860900878907
1031 129.5402862548828
1032 133.56116180419923
1033 135.87584533691407
1034 135.34071197509766
1035 134.8832000732422
1036 133.4694625854492
1037 132.7661163330078
1038 132.67062530517578
1039 131.88331756591796
1040 130.8815689086914
1041 130.29549713134764
1042 129.9748992919922
1043 129.60462646484376
1044 129.2107376098633
1045 129.18656005859376
1046 129.4286315917969
1047 128.9294876098633
1048 128.95362396240233
1049 129.07022399902343
1050 129.04223175048827
1051 128.1850570678711
1052 127.53341369628906
1053 126.8797592163086
1054 126.37320251464844
1055 125.51588439941406
1056 124.09504547119141
1057 123.00628967285157
1058 122.00378875732422
1059 119.06548309326172
1060 122.44291076660156
1061 117.20232543945312
1062 114.6307601928711
1063 122.21868743896485
1064 120.11416931152344
1065 116.32167510986328
1066 139.18258361816407
1067 130.44664154052734
1068 125.82179260253906
1069 123.91419830322266
1070 123.70142669677735
1071 122.83417510986328
1072 120.41263580322266
1073 118.3575424194336
1074 115.9374755859375
1075 114.75350799560547
1076 121.10719299316406
1077 119.58611755371093
1078 124.81370697021484
1079 112.53097991943359
1080 111.72548217773438
1081 103.1602798461914
1082 121.90068969726562
1083 183.1442657470703
1084 153.797509765625
1085 132.67864227294922
1086 126.4332046508789
1087 125.04835205078125
1088 124.7400390625
1089 125.51812744140625
1090 126.05571899414062
1091 126.93126678466797
1092 125.01558837890624
1093 124.525439453125
1094 123.73852844238282
1095 123.81705169677734
1096 120.9472671508789
1097 119.93738098144532
1098 118.72548370361328
1099 124.1044937133789
1100 108.52005004882812
1101 116.49024658203125
1102 108.80532379150391
1103 117.58801574707032
1104 132.8058319091797
1105 114.52637023925782
1106 181.54877624511718
1107 139.05448150634766
1108 126.97294769287109
1109 124.96890716552734
1110 125.26065826416016
1111 126.06020660400391
1112 127.99666900634766
1113 128.4783706665039
1114 126.75785217285156
1115 125.77775726318359
1116 127.04982452392578
1117 126.22041625976563
1118 122.29253845214843
1119 121.77132720947266
1120 117.93670806884765
1121 116.95535278320312
1122 119.08331146240235
1123 124.49359130859375
1124 122.1221206665039
1125 121.94148406982421
1126 123.94713592529297
1127 127.1206039428711
1128 125.21738128662109
1129 122.2584014892578
1130 120.16312408447266
1131 119.9075714111328
1132 116.32454528808594
1133 113.66106872558593
1134 110.07144165039062
1135 112.95866546630859
1136 100.02405395507813
1137 105.0658203125
1138 119.85348205566406
1139 98.03149871826172
1140 99.6345199584961
1141 153.21936950683593
1142 134.50413360595704
1143 119.77696533203125
1144 111.44477996826171
1145 110.30825500488281
1146 109.22071228027343
1147 114.98066864013671
1148 107.27068939208985
1149 107.63333435058594
1150 103.94869842529297
1151 132.56743927001952
1152 115.50300445556641
1153 113.91462097167968
1154 110.96479797363281
1155 107.66277770996093
1156 108.48306579589844
1157 104.49612884521484
1158 107.33504638671874
1159 110.57887115478516
1160 110.71978454589843
1161 115.81896667480468
1162 117.68219757080078
1163 119.40979461669922
1164 117.53037109375
1165 116.33955383300781
1166 114.54838256835937
1167 116.61868743896484
1168 112.66132354736328
1169 110.02508392333985
1170 110.56903228759765
1171 110.5586669921875
1172 110.54441375732422
1173 103.38090362548829
1174 101.66663360595703
1175 105.69491729736328
1176 103.54451446533203
1177 96.71956024169921
1178 97.74659729003906
1179 115.48386993408204
1180 108.95028839111328
1181 108.24384765625
1182 104.05461273193359
1183 101.16124114990234
1184 100.06800079345703
1185 104.71813201904297
1186 99.84701080322266
1187 105.77669982910156
1188 116.41636199951172
1189 101.80629272460938
1190 102.22384643554688
1191 103.43879852294921
1192 103.88726654052735
1193 96.38578948974609
1194 112.38772125244141
1195 98.73027801513672
1196 96.26522674560547
1197 100.19877014160156
1198 97.53617401123047
1199 95.073681640625
1200 94.39812622070312
1201 105.08936157226563
1202 98.96542663574219
1203 101.79020233154297
1204 99.91438598632813
1205 103.77467041015625
1206 98.38358764648437
1207 98.29475402832031
1208 105.4628921508789
1209 102.58739013671875
1210 96.17415161132813
1211 96.46968994140624
1212 99.77232055664062
1213 91.9008544921875
1214 98.8593017578125
1215 95.25483551025391
1216 99.14071197509766
1217 97.52802886962891
1218 93.676611328125
1219 94.88832092285156
1220 93.55493774414063
1221 94.23459014892578
1222 93.70358734130859
1223 97.88091125488282
1224 100.15801391601562
1225 100.40592346191406
1226 101.8152084350586
1227 100.71746368408203
1228 93.57147064208985
1229 102.55319366455078
1230 93.89893188476563
1231 89.54192657470703
1232 95.59303741455078
1233 99.25819244384766
1234 101.82048950195312
1235 101.15466918945313
1236 102.51246643066406
1237 102.08472442626953
1238 97.60211486816407
1239 97.15777893066407
1240 93.64004058837891
1241 102.40744323730469
1242 101.71748962402344
1243 98.26786346435547
1244 96.88432006835937
1245 98.87676696777343
1246 94.04423065185547
1247 102.5901596069336
1248 99.19868621826171
1249 97.0259796142578
1250 93.74718322753907
1251 93.45236358642578
1252 95.77786102294922
1253 100.9660659790039
1254 94.53761291503906
1255 92.6983139038086
1256 99.7684814453125
1257 99.83548126220703
1258 101.96962127685546
1259 97.73152923583984
1260 97.55678100585938
1261 89.9812240600586
1262 91.0065200805664
1263 95.63996124267578
1264 91.92783660888672
1265 92.65902862548828
1266 92.37908630371093
1267 97.69440460205078
1268 101.13524475097657
1269 99.35896148681641
1270 98.45068969726563
1271 95.11438751220703
1272 97.64363250732421
1273 106.88048248291015
1274 101.88994598388672
1275 99.79171295166016
1276 98.36226043701171
1277 95.92987518310547
1278 95.86580352783203
1279 93.96586761474609
1280 92.87882537841797
1281 96.52307434082032
1282 98.09647979736329
1283 93.78804779052734
1284 92.79040222167968
1285 97.75304107666015
1286 94.98153533935547
1287 103.92355194091797
1288 95.28855590820312
1289 114.53309631347656
1290 101.62727355957031
1291 102.9128204345703
1292 103.16280822753906
1293 103.73936767578125
1294 101.14492950439453
1295 97.80426635742188
1296 95.09730072021485
1297 93.06204223632812
1298 96.58056945800782
1299 101.62388610839844
1300 100.13918914794922
1301 95.13563079833985
1302 90.87118682861328
1303 93.72718658447266
1304 93.98943786621093
1305 94.1190200805664
1306 94.60715789794922
1307 88.30639190673828
1308 87.00074310302735
1309 93.5117416381836
1310 96.80667419433594
1311 94.70653686523437
1312 91.16146545410156
1313 89.51327056884766
1314 96.68586883544921
1315 97.03692169189453
1316 90.3125732421875
1317 89.56844635009766
1318 93.03251342773437
1319 97.22412567138672
1320 101.36535949707032
1321 99.55013122558594
1322 95.60573272705078
1323 99.08989562988282
1324 96.38017120361329
1325 92.23109741210938
1326 99.09614562988281
1327 97.13698272705078
1328 94.28135223388672
1329 94.44059600830079
1330 93.8340835571289
1331 97.63931121826172
1332 97.30323486328125
1333 98.34970092773438
1334 94.78309020996093
1335 88.52647552490234
1336 132.44197845458984
1337 112.881494140625
1338 106.86244201660156
1339 101.57233276367188
1340 97.95560760498047
1341 110.19934692382813
1342 104.88810577392579
1343 102.60503234863282
1344 100.48226623535156
1345 97.80420989990235
1346 95.81233978271484
1347 99.08889617919922
1348 95.86185607910156
1349 90.73199768066407
1350 92.00959777832031
1351 91.71651611328124
1352 92.67780151367188
1353 94.19715118408203
1354 89.65934906005859
1355 97.3175537109375
1356 96.42503356933594
1357 95.66236724853516
1358 91.35967559814453
1359 97.17794189453124
1360 93.54048309326171
1361 92.7044189453125
1362 101.37759399414062
1363 95.24156646728515
1364 83.43834533691407
1365 96.67981414794922
1366 88.92232971191406
1367 94.36795654296876
1368 98.11540985107422
1369 101.52954864501953
1370 98.84423522949218
1371 92.89793090820312
1372 87.08660278320312
1373 90.01810607910156
1374 128.4510711669922
1375 90.79985809326172
1376 98.15179443359375
1377 96.62474212646484
1378 93.48151550292968
1379 89.68895111083984
1380 88.21217193603516
1381 88.95115661621094
1382 92.25870056152344
1383 87.75984649658203
1384 92.74298248291015
1385 99.15912170410157
1386 92.55615234375
1387 97.93428039550781
1388 94.90612335205078
1389 86.45428771972657
1390 125.82392730712891
1391 108.71122283935547
1392 100.29682312011718
1393 100.86657257080078
1394 96.55788879394531
1395 91.53107604980468
1396 91.50054779052735
1397 102.89666137695312
1398 101.31781921386718
1399 96.47645874023438
1400 92.25895538330079
1401 93.2093017578125
1402 90.36581573486328
1403 91.92866821289063
1404 92.98287353515624
1405 92.4490463256836
1406 92.85268859863281
1407 91.39912567138671
1408 90.38711700439453
1409 93.50063018798828
1410 94.12801361083984
1411 87.08682403564453
1412 93.3966079711914
1413 96.71283111572265
1414 94.98417205810547
1415 94.66831817626954
1416 93.44629364013672
1417 93.31554870605468
1418 92.11903533935546
1419 100.13535614013672
1420 97.84544219970704
1421 106.33471069335937
1422 103.6148666381836
1423 111.20446319580078
1424 113.35744781494141
1425 114.55530700683593
1426 109.16070098876953
1427 106.03447875976562
1428 102.97525939941406
1429 101.04900817871093
1430 97.95638122558594
1431 96.45553131103516
1432 96.20941314697265
1433 100.51269989013672
1434 96.26302490234374
1435 93.88326416015624
1436 95.30833587646484
1437 95.12366333007813
1438 96.7098876953125
1439 90.96488037109376
1440 91.44462738037109
1441 92.94447021484375
1442 90.48274536132813
1443 90.6923812866211
1444 90.61079711914063
1445 89.89806671142578
1446 91.50161285400391
1447 93.88257751464843
1448 95.1222900390625
1449 90.0708236694336
1450 91.44103546142578
1451 90.95126342773438
1452 89.44901885986329
1453 101.67212677001953
1454 93.42237396240235
1455 91.89608154296874
1456 91.66988983154297
1457 92.84067230224609
1458 92.43677978515625
1459 87.75230865478515
1460 90.91107788085938
1461 90.33737030029297
1462 92.5886016845703
1463 96.51358795166016
1464 92.29216613769532
1465 91.50192108154297
1466 89.71815338134766
1467 94.88230743408204
1468 91.75876922607422
1469 89.25934753417968
1470 88.32805023193359
1471 97.7956756591797
1472 94.87068786621094
1473 93.74246673583984
1474 102.28535461425781
1475 113.0950424194336
1476 111.69484252929688
1477 109.00599517822266
1478 105.29229583740235
1479 101.27845611572266
1480 113.34143371582032
1481 111.06182098388672
1482 100.74977569580078
1483 98.48824005126953
1484 93.90601043701172
1485 92.74959411621094
1486 93.68551940917969
1487 94.39939880371094
1488 93.6591552734375
1489 107.1315902709961
1490 104.48364868164063
1491 107.91623229980469
1492 99.47938232421875
1493 94.59195861816406
1494 94.6885757446289
1495 90.76571350097656
1496 94.13668975830078
1497 89.15703887939453
1498 90.66844024658204
1499 90.88990020751953
1500 92.264501953125
1501 94.65247650146485
1502 90.1649185180664
1503 90.58465881347657
1504 96.29412841796875
1505 93.504443359375
1506 90.04846649169922
1507 90.64663238525391
1508 90.9668685913086
1509 91.67978973388672
1510 88.97868499755859
1511 89.53774871826172
1512 89.21455535888671
1513 93.350048828125
1514 93.62655639648438
1515 89.99414520263672
1516 85.39998474121094
1517 88.48462524414063
1518 91.99617462158203
1519 94.17765350341797
1520 89.3424575805664
1521 90.56209869384766
1522 87.80164337158203
1523 84.62034912109375
1524 93.92208251953124
1525 90.64981536865234
1526 90.03119659423828
1527 89.09215393066407
1528 86.6219696044922
1529 96.17365875244141
1530 93.12823791503907
1531 92.56205596923829
1532 91.05382537841797
1533 91.48034210205078
1534 89.87743225097657
1535 97.94099884033203
1536 103.97740173339844
1537 94.61327819824218
1538 90.01741485595703
1539 82.08243865966797
1540 106.03438568115234
1541 89.84563903808593
1542 94.38621520996094
1543 94.64871826171876
1544 91.79769592285156
1545 90.08035430908203
1546 89.42146759033203
1547 91.4562744140625
1548 105.25951080322265
1549 95.53679504394532
1550 95.73750915527344
1551 93.12908630371093
1552 93.03785858154296
1553 99.73670349121093
1554 90.61781463623046
1555 93.97760925292968
1556 87.24987335205078
1557 90.64607696533203
1558 88.34394683837891
1559 88.92433013916016
1560 138.02752685546875
1561 106.0787338256836
1562 113.50597229003907
1563 108.4004150390625
1564 106.37722473144531
1565 103.18593139648438
1566 100.14183959960937
1567 99.69188537597657
1568 98.8340835571289
1569 98.34523162841796
1570 94.7323226928711
1571 92.3497329711914
1572 91.19271392822266
1573 92.79422454833984
1574 90.56082763671876
1575 90.63882751464844
1576 92.8486831665039
1577 92.34884643554688
1578 90.73143920898437
1579 91.45638885498047
1580 87.98314514160157
1581 157.03307495117187
1582 122.40406646728516
1583 115.8239990234375
1584 122.79008331298829
1585 120.33087921142578
1586 116.23391265869141
1587 115.0462142944336
1588 113.14499053955078
1589 112.25836334228515
1590 111.7495330810547
1591 109.9051284790039
1592 108.50153198242188
1593 107.05006866455078
1594 106.50110931396485
1595 104.27714080810547
1596 103.33743896484376
1597 101.18086547851563
1598 98.81239166259766
1599 100.05882568359375
1600 96.56349639892578
1601 95.82955017089844
1602 94.28697052001954
1603 101.20257263183593
1604 93.97342071533203
1605 98.3262725830078
1606 94.49386749267578
1607 96.40465393066407
1608 92.69709167480468
1609 90.51188354492187
1610 94.68211059570312
1611 91.94459533691406
1612 90.70707702636719
1613 90.1981185913086
1614 94.80399169921876
1615 92.722265625
1616 90.95279846191406
1617 91.90697174072265
1618 89.05924835205079
1619 90.73101959228515
1620 93.64405059814453
1621 96.12614288330079
1622 89.6991195678711
1623 89.36521911621094
1624 99.50486602783204
1625 92.15384674072266
1626 93.33697052001953
1627 91.9938461303711
1628 92.42222137451172
1629 87.88194427490234
1630 94.66212921142578
1631 91.12227172851563
1632 91.28582611083985
1633 91.26814422607421
1634 91.68246002197266
1635 90.54656066894532
1636 91.334814453125
1637 97.98023834228516
1638 95.63056945800781
1639 93.12331848144531
1640 100.62743225097657
1641 95.62437438964844
1642 97.71580505371094
1643 96.4710464477539
1644 99.59783172607422
1645 99.66677551269531
1646 95.18820495605469
1647 93.02064819335938
1648 93.02857513427735
1649 94.85432891845703
1650 95.5145477294922
1651 92.20010833740234
1652 90.5678955078125
1653 88.74673614501953
1654 177.34161376953125
1655 158.95648193359375
1656 132.63655700683594
1657 121.21131286621093
1658 118.38706665039062
1659 117.07700805664062
1660 116.8937973022461
1661 117.42145690917968
1662 116.13819427490235
1663 115.3025894165039
1664 114.9576629638672
1665 113.1036392211914
1666 111.74970092773438
1667 109.93553619384765
1668 108.11737213134765
1669 106.7550262451172
1670 105.25287017822265
1671 103.77970581054687
1672 102.44029083251954
1673 101.12539672851562
1674 100.58352966308594
1675 98.96886138916015
1676 97.65224609375
1677 98.43502502441406
1678 97.96436767578125
1679 96.4064712524414
1680 95.40438842773438
1681 94.70076293945313
1682 95.83331146240235
1683 96.31845397949219
1684 95.55718841552735
1685 95.34508209228515
1686 95.47157745361328
1687 93.79946746826172
1688 94.83444519042969
1689 96.874755859375
1690 95.37025756835938
1691 95.87498016357422
1692 95.44483032226563
1693 93.63761749267579
1694 93.99600219726562
1695 93.95606079101563
1696 94.80062713623047
1697 97.1098129272461
1698 94.03253936767578
1699 93.10932006835938
1700 94.76238555908203
1701 99.15015869140625
1702 96.024462890625
1703 93.5578857421875
1704 98.71263732910157
1705 95.5379623413086
1706 93.11436309814454
1707 88.62544403076171
1708 91.73239593505859
1709 94.15872650146484
1710 94.07047424316406
1711 89.69859924316407
1712 98.74665069580078
1713 97.99004974365235
1714 98.37869110107422
1715 85.34635620117187
1716 97.8598419189453
1717 100.59417877197265
1718 99.9429702758789
1719 97.86045684814454
1720 95.13067016601562
1721 91.3604248046875
1722 93.45811157226562
1723 97.40635528564454
1724 89.95641021728515
1725 85.02920074462891
1726 92.77447662353515
1727 125.04579010009766
1728 112.87443084716797
1729 115.7633285522461
1730 113.88186798095703
1731 109.67263793945312
1732 106.63119659423828
1733 102.72622375488281
1734 101.00745697021485
1735 102.93843536376953
1736 97.77385101318359
1737 98.54654846191406
1738 95.0604476928711
1739 101.95052947998047
1740 102.83842163085937
1741 100.38420715332032
1742 100.52150268554688
1743 99.43399353027344
1744 99.22911834716797
1745 94.04471588134766
1746 99.41882781982422
1747 99.54966583251954
1748 98.31795654296874
1749 95.63109283447265
1750 93.79341430664063
1751 97.5457763671875
1752 94.19298400878907
1753 100.82026519775391
1754 93.73811950683594
1755 99.70011596679687
1756 99.67767181396485
1757 95.27725372314453
1758 96.5490737915039
1759 95.43912200927734
1760 95.91849822998047
1761 96.05306091308594
1762 95.65417938232422
1763 94.04105987548829
1764 95.95102233886719
1765 92.68205108642579
1766 95.91145629882813
1767 97.27825775146485
1768 95.58258819580078
1769 95.19294586181641
1770 96.04447479248047
1771 93.40577545166016
1772 92.80269927978516
1773 93.8113800048828
1774 92.03919677734375
1775 95.87483825683594
1776 93.09798889160156
1777 92.22613525390625
1778 95.69033813476562
1779 96.70697479248047
1780 91.61581878662109
1781 98.45243530273437
1782 97.80463409423828
1783 91.71215209960937
1784 98.9818603515625
1785 95.21864471435546
1786 90.5956787109375
1787 97.37623138427735
1788 94.55842895507813
1789 95.02535552978516
1790 93.8379135131836
1791 93.14825286865235
1792 92.17128143310546
1793 96.67963562011718
1794 96.39788665771485
1795 92.53768615722656
1796 101.33260345458984
1797 94.95162048339844
1798 93.60323028564453
1799 94.60286865234374
1800 98.26214599609375
1801 93.5759048461914
1802 96.98423919677734
1803 100.7344757080078
1804 101.89088592529296
1805 95.22419891357421
1806 99.34360046386719
1807 90.13671417236328
1808 90.08986358642578
1809 92.706201171875
1810 94.68567199707032
1811 91.84310302734374
1812 95.97004852294921
1813 95.93807525634766
1814 95.42733459472656
1815 89.41089324951172
1816 97.85796203613282
1817 93.8534164428711
1818 88.0982894897461
1819 94.6366683959961
1820 102.90573272705078
1821 103.24642944335938
1822 98.52461853027344
1823 98.37604370117188
1824 93.94945983886718
1825 91.98253021240234
1826 88.28766479492188
1827 94.3531982421875
1828 96.00692596435547
1829 98.81277008056641
1830 100.06123962402344
1831 97.11730346679687
1832 94.36212768554688
1833 99.163134765625
1834 98.34586486816406
1835 100.4909683227539
1836 94.35750274658203
1837 95.30955200195312
1838 96.76959838867188
1839 98.13893432617188
1840 94.83788452148437
1841 95.9451187133789
1842 98.72348480224609
1843 97.37979278564453
1844 100.23556976318359
1845 96.90948181152343
1846 98.67421417236328
1847 96.26906280517578
1848 94.13633575439454
1849 100.69702453613282
1850 98.56707305908203
1851 90.39926300048828
1852 95.84306640625
1853 94.95840454101562
1854 98.3911865234375
1855 98.10980682373047
1856 97.69785919189454
1857 95.76974487304688
1858 93.04434204101562
1859 98.37441864013672
1860 93.76487579345704
1861 103.80419464111328
1862 93.68794403076171
1863 98.26989440917968
1864 98.60665130615234
1865 94.50631408691406
1866 95.87833404541016
1867 97.29761962890625
1868 93.36265716552734
1869 93.80773468017578
1870 93.39230499267578
1871 97.970703125
1872 102.1691390991211
1873 98.34372100830078
1874 97.48480987548828
1875 98.31390686035157
1876 94.49984436035156
1877 100.36602935791015
1878 97.98475799560546
1879 97.01549987792968
1880 96.6201187133789
1881 93.76106719970703
1882 94.04734802246094
1883 91.2885009765625
1884 90.98014526367187
1885 94.398291015625
1886 94.15723876953125
1887 92.78615264892578
1888 90.35587005615234
1889 91.60513305664062
1890 91.84953308105469
1891 91.85430145263672
1892 90.82489471435547
1893 89.45336151123047
1894 93.29477996826172
1895 92.04182891845703
1896 96.50647888183593
1897 90.35468902587891
1898 94.11399688720704
1899 91.75614318847656
1900 91.4292221069336
1901 91.79239654541016
1902 97.91651000976563
1903 94.22259216308593
1904 93.14127655029297
1905 97.47698974609375
1906 94.12642822265624
1907 95.54976043701171
1908 93.8161605834961
1909 93.41170349121094
1910 96.87744750976563
1911 93.68108520507812
1912 92.24416809082031
1913 91.63297882080079
1914 91.39643096923828
1915 94.36263580322266
1916 93.81683349609375
1917 90.72269287109376
1918 95.40947723388672
1919 92.87593536376953
1920 93.39493560791016
1921 92.91051788330078
1922 93.33822479248047
1923 93.81234130859374
1924 95.3727798461914
1925 93.03409729003906
1926 94.69036254882812
1927 96.05709991455078
1928 95.62425079345704
1929 90.42886199951172
1930 94.67186279296875
1931 96.35279388427735
1932 93.65666961669922
1933 93.75205841064454
1934 91.13412170410156
1935 88.60558776855468
1936 91.46328430175781
1937 87.34989318847656
1938 87.36841888427735
1939 89.8502426147461
1940 94.55826263427734
1941 93.50879211425782
1942 87.08010711669922
1943 93.08101348876953
1944 92.42821960449218
1945 88.06798400878907
1946 86.12719116210937
1947 96.09071197509766
1948 90.12001342773438
1949 91.79359741210938
1950 88.92848510742188
1951 88.52400207519531
1952 93.15295867919922
1953 92.33179168701172
1954 89.50208740234375
1955 89.62008514404297
1956 92.06186065673828
1957 90.43892211914063
1958 104.3732177734375
1959 109.55085754394531
1960 105.12877960205078
1961 91.71116180419922
1962 93.91778869628907
1963 90.11556549072266
1964 95.31200714111328
1965 96.06190338134766
1966 97.66972961425782
1967 95.4923828125
1968 88.88358459472656
1969 90.9401351928711
1970 89.00011291503907
1971 88.7832763671875
1972 90.19767456054687
1973 92.47863159179687
1974 93.11416931152344
1975 91.75891571044922
1976 95.29916687011719
1977 90.62028350830079
1978 91.7889190673828
1979 91.68298950195313
1980 93.24357147216797
1981 92.43221588134766
1982 91.54180908203125
1983 93.32114105224609
1984 94.25001678466796
1985 93.33758697509765
1986 92.87311706542968
1987 90.9723892211914
1988 90.85868377685547
1989 92.88032836914063
1990 95.60542297363281
1991 91.85777740478515
1992 90.49727325439453
1993 83.95593872070313
1994 93.50818328857422
1995 107.56707611083985
1996 147.76431884765626
1997 125.64778289794921
1998 110.25138092041016
1999 103.68642578125
2000 100.3038116455078
