epoch val_loss
1 570.0401000976562
2 478.3063659667969
3 416.9250793457031
4 367.7121276855469
5 336.94549560546875
6 318.077392578125
7 307.8271484375
8 302.3440246582031
9 293.1600646972656
10 300.59234619140625
11 301.9510803222656
12 297.6270446777344
13 283.97381591796875
14 273.7114562988281
15 265.53118896484375
16 261.5778503417969
17 259.1268005371094
18 258.73675537109375
19 255.00384521484375
20 250.6022491455078
21 245.77496337890625
22 240.7642364501953
23 236.57760620117188
24 236.05874633789062
25 230.19259643554688
26 223.66400146484375
27 221.3364715576172
28 216.0108184814453
29 213.70460510253906
30 209.903076171875
31 204.0330810546875
32 197.99876403808594
33 194.20387268066406
34 192.44317626953125
35 188.57493591308594
36 185.4832305908203
37 182.93771362304688
38 180.47471618652344
39 178.41546630859375
40 178.94277954101562
41 179.82876586914062
42 179.60400390625
43 182.66064453125
44 187.33460998535156
45 188.95925903320312
46 190.21713256835938
47 186.64056396484375
48 183.93568420410156
49 184.68930053710938
50 186.54672241210938
51 196.0424346923828
52 199.09835815429688
53 197.7237548828125
54 195.32278442382812
55 193.18276977539062
56 190.6162109375
57 191.78785705566406
58 189.8710479736328
59 182.96456909179688
60 181.98501586914062
61 177.71856689453125
62 174.4583282470703
63 173.66416931152344
64 170.2410125732422
65 165.0367431640625
66 161.63597106933594
67 162.57777404785156
68 159.90713500976562
69 157.19326782226562
70 155.99037170410156
71 154.5758514404297
72 152.8227996826172
73 153.5810089111328
74 156.0618438720703
75 157.76905822753906
76 162.7877960205078
77 174.39064025878906
78 179.25865173339844
79 182.05369567871094
80 178.9303436279297
81 176.4569091796875
82 175.74969482421875
83 176.12049865722656
84 178.9507293701172
85 181.78858947753906
86 181.7734832763672
87 180.6529998779297
88 180.62269592285156
89 178.91177368164062
90 178.4274444580078
91 179.19252014160156
92 175.32296752929688
93 172.8168182373047
94 171.9816131591797
95 168.9661865234375
96 169.6422882080078
97 166.43328857421875
98 162.52859497070312
99 158.77767944335938
100 158.43141174316406
101 157.07896423339844
102 155.18038940429688
103 153.71075439453125
104 151.73878479003906
105 150.57037353515625
106 150.49232482910156
107 152.43492126464844
108 154.4654083251953
109 155.9978485107422
110 161.6879119873047
111 167.7310028076172
112 171.00477600097656
113 170.85394287109375
114 168.1825714111328
115 166.78672790527344
116 169.3997344970703
117 175.19517517089844
118 186.3584747314453
119 189.6157684326172
120 187.9447021484375
121 182.51417541503906
122 176.21092224121094
123 172.4849853515625
124 175.28201293945312
125 169.07061767578125
126 163.0849151611328
127 163.69223022460938
128 159.23089599609375
129 159.65579223632812
130 158.60008239746094
131 155.75271606445312
132 151.59011840820312
133 150.11566162109375
134 151.27774047851562
135 149.50759887695312
136 148.17529296875
137 145.687744140625
138 143.17041015625
139 141.96665954589844
140 145.6995849609375
141 150.5062713623047
142 152.4412078857422
143 164.02247619628906
144 183.4392852783203
145 188.37655639648438
146 190.89398193359375
147 177.23516845703125
148 168.8025360107422
149 170.92462158203125
150 177.2809600830078
151 194.65138244628906
152 205.7031707763672
153 195.03932189941406
154 176.5063018798828
155 167.70469665527344
156 160.49659729003906
157 159.8717041015625
158 157.0869598388672
159 149.89553833007812
160 151.09706115722656
161 147.8487091064453
162 145.40200805664062
163 146.36532592773438
164 144.5478515625
165 139.6884002685547
166 136.29905700683594
167 139.11546325683594
168 137.51669311523438
169 135.67791748046875
170 132.95411682128906
171 129.22161865234375
172 125.91825866699219
173 128.3653106689453
174 134.20994567871094
175 138.42800903320312
176 146.10955810546875
177 163.6090850830078
178 175.37075805664062
179 183.47482299804688
180 161.60198974609375
181 148.2393798828125
182 145.1046600341797
183 148.59925842285156
184 160.5807647705078
185 175.06491088867188
186 178.24453735351562
187 169.47628784179688
188 164.7744598388672
189 154.2311553955078
190 150.43946838378906
191 149.50482177734375
192 138.50961303710938
193 133.79605102539062
194 132.14846801757812
195 123.87212371826172
196 125.51069641113281
197 122.44381713867188
198 119.21691131591797
199 114.82353210449219
200 115.99229431152344
201 117.3007583618164
202 117.5078353881836
203 116.03580474853516
204 110.13959503173828
205 107.86114501953125
206 109.33274841308594
207 116.19727325439453
208 125.19523620605469
209 132.20767211914062
210 148.95103454589844
211 168.8556671142578
212 173.3661346435547
213 165.85414123535156
214 147.67100524902344
215 140.82176208496094
216 144.97035217285156
217 155.97010803222656
218 169.32704162597656
219 176.05194091796875
220 175.8567657470703
221 168.83059692382812
222 158.02023315429688
223 152.84225463867188
224 155.2205352783203
225 142.36578369140625
226 131.30203247070312
227 132.0603790283203
228 117.86074829101562
229 114.78662109375
230 112.59963989257812
231 108.82704162597656
232 103.21451568603516
233 100.71661376953125
234 103.10680389404297
235 103.27222442626953
236 102.09428405761719
237 99.07927703857422
238 96.99748229980469
239 97.18106079101562
240 103.6918716430664
241 113.49774169921875
242 120.69458770751953
243 135.60426330566406
244 157.74520874023438
245 163.96859741210938
246 166.9835968017578
247 148.90110778808594
248 140.20172119140625
249 144.78439331054688
250 155.8815460205078
251 169.929443359375
252 179.7421875
253 180.75637817382812
254 174.67913818359375
255 167.90126037597656
256 160.17515563964844
257 161.09912109375
258 154.55064392089844
259 139.39991760253906
260 139.77809143066406
261 125.31708526611328
262 111.46605682373047
263 108.50911712646484
264 103.6133041381836
265 95.89756774902344
266 90.8062973022461
267 93.59254455566406
268 94.00711059570312
269 93.58929443359375
270 91.66891479492188
271 89.64241790771484
272 88.97048950195312
273 94.88082122802734
274 105.4514389038086
275 115.22107696533203
276 126.36014556884766
277 145.2059326171875
278 159.02923583984375
279 168.23324584960938
280 154.07186889648438
281 145.79331970214844
282 147.61277770996094
283 156.42726135253906
284 170.1641387939453
285 182.5570068359375
286 185.7099151611328
287 181.7764892578125
288 178.94680786132812
289 169.52232360839844
290 166.7327117919922
291 165.165771484375
292 151.91831970214844
293 143.9406280517578
294 135.30230712890625
295 114.90771484375
296 109.80297088623047
297 99.9322280883789
298 92.64775085449219
299 84.59345245361328
300 84.54419708251953
301 86.2677993774414
302 86.89901733398438
303 86.45146179199219
304 82.8086166381836
305 82.90657043457031
306 87.61239624023438
307 98.95977783203125
308 112.53221130371094
309 120.78114318847656
310 137.48712158203125
311 158.44485473632812
312 165.77191162109375
313 163.7550048828125
314 152.2184600830078
315 149.6529541015625
316 156.53704833984375
317 168.90516662597656
318 180.18910217285156
319 186.1781005859375
320 187.05325317382812
321 182.81240844726562
322 174.5040740966797
323 170.47848510742188
324 172.5164794921875
325 160.8806610107422
326 148.9622802734375
327 146.80931091308594
328 124.19368743896484
329 130.2314910888672
330 122.29945373535156
331 110.79637908935547
332 95.3989486694336
333 87.4138412475586
334 89.86424255371094
335 88.7529296875
336 86.78604125976562
337 84.46568298339844
338 83.33240509033203
339 86.21852111816406
340 101.31548309326172
341 116.93997955322266
342 123.94686126708984
343 135.88247680664062
344 160.11546325683594
345 162.26992797851562
346 164.87118530273438
347 150.46385192871094
348 143.25906372070312
349 147.02066040039062
350 157.89620971679688
351 171.4308319091797
352 182.14376831054688
353 185.3755645751953
354 181.7782440185547
355 175.6835479736328
356 167.86428833007812
357 167.96995544433594
358 160.68357849121094
359 147.45899963378906
360 150.34263610839844
361 135.40957641601562
362 120.06330871582031
363 115.43048858642578
364 108.66231536865234
365 98.9112548828125
366 91.19104766845703
367 92.49403381347656
368 91.81005859375
369 90.89774322509766
370 89.2372055053711
371 87.90042114257812
372 87.44252014160156
373 93.71170806884766
374 104.45860290527344
375 113.61135864257812
376 122.72911834716797
377 136.92831420898438
378 147.4250946044922
379 155.09291076660156
380 145.27442932128906
381 139.53704833984375
382 141.29730224609375
383 151.0179901123047
384 166.2027130126953
385 180.43360900878906
386 185.564208984375
387 183.85093688964844
388 182.1667938232422
389 173.32241821289062
390 170.4857940673828
391 168.30775451660156
392 155.69500732421875
393 151.22161865234375
394 143.96951293945312
395 123.22901916503906
396 117.1805191040039
397 107.93401336669922
398 98.54400634765625
399 87.63789367675781
400 85.63230895996094
401 86.0962905883789
402 85.73753356933594
403 84.72777557373047
404 80.7536849975586
405 80.9448013305664
406 86.02827453613281
407 96.98377227783203
408 109.30519104003906
409 116.3535385131836
410 129.57237243652344
411 146.8675079345703
412 152.13479614257812
413 151.02093505859375
414 141.5576171875
415 140.58302307128906
416 148.64166259765625
417 163.2735595703125
418 176.72023010253906
419 184.68753051757812
420 187.2665557861328
421 183.2837677001953
422 175.22023010253906
423 171.40090942382812
424 172.7444610595703
425 161.5707244873047
426 152.4679412841797
427 151.83900451660156
428 131.08779907226562
429 120.44468688964844
430 113.09978485107422
431 103.43146514892578
432 89.38526916503906
433 81.69537353515625
434 83.1703109741211
435 82.86559295654297
436 81.43746948242188
437 79.052978515625
438 78.06822967529297
439 80.39691162109375
440 90.00153350830078
441 102.70195007324219
442 110.42947387695312
443 122.28662872314453
444 139.55587768554688
445 147.0638885498047
446 152.78854370117188
447 141.81239318847656
448 137.961181640625
449 144.7870330810547
450 158.37144470214844
451 172.7549285888672
452 183.60211181640625
453 187.02659606933594
454 183.65223693847656
455 178.7313995361328
456 172.52088928222656
457 173.4984893798828
458 167.91172790527344
459 156.1348876953125
460 158.02227783203125
461 142.33692932128906
462 124.59716033935547
463 118.44793701171875
464 109.17170715332031
465 93.83667755126953
466 81.86441040039062
467 82.75096893310547
468 82.18077087402344
469 80.85055541992188
470 78.32315063476562
471 76.34309387207031
472 76.86454010009766
473 85.04472351074219
474 98.00277709960938
475 108.64541625976562
476 117.9753646850586
477 132.4049072265625
478 144.1275177001953
479 152.8460235595703
480 144.7567596435547
481 141.04067993164062
482 144.02874755859375
483 154.48001098632812
484 168.88015747070312
485 181.47885131835938
486 186.2253875732422
487 184.8598175048828
488 183.11961364746094
489 175.51727294921875
490 173.58416748046875
491 172.2263946533203
492 161.86634826660156
493 158.013427734375
494 151.00807189941406
495 131.09898376464844
496 124.4557876586914
497 113.84027099609375
498 101.14664459228516
499 86.02374267578125
500 82.66139221191406
501 83.36946105957031
502 82.80583953857422
503 80.47553253173828
504 75.44081115722656
505 75.67112731933594
506 81.8349380493164
507 94.27493286132812
508 107.42254638671875
509 114.24520111083984
510 126.968505859375
511 144.39747619628906
512 151.2417449951172
513 151.20779418945312
514 143.04742431640625
515 142.86520385742188
516 150.77305603027344
517 164.23204040527344
518 176.2480926513672
519 183.49356079101562
520 186.40525817871094
521 182.4574432373047
522 175.00604248046875
523 171.94190979003906
524 173.7605743408203
525 164.6452178955078
526 157.58935546875
527 157.13116455078125
528 138.46795654296875
529 128.11134338378906
530 120.39006042480469
531 109.6325912475586
532 93.48968505859375
533 83.86408996582031
534 85.49585723876953
535 84.79134368896484
536 81.64952087402344
537 77.70161437988281
538 76.34725952148438
539 80.156982421875
540 91.21297454833984
541 104.9490966796875
542 112.78939819335938
543 123.90727996826172
544 140.10472106933594
545 148.5325927734375
546 155.0021209716797
547 145.4529266357422
548 142.38803100585938
549 148.6992645263672
550 160.72552490234375
551 173.55560302734375
552 183.25616455078125
553 186.56259155273438
554 182.7052459716797
555 177.70712280273438
556 171.88612365722656
557 172.72189331054688
558 167.6492919921875
559 157.9909210205078
560 160.21725463867188
561 146.70358276367188
562 130.7975616455078
563 125.18170928955078
564 115.85088348388672
565 100.58625793457031
566 87.77879333496094
567 88.78445434570312
568 87.70922088623047
569 85.238037109375
570 81.30464172363281
571 78.58618927001953
572 80.40498352050781
573 89.69627380371094
574 102.90315246582031
575 112.94271087646484
576 120.89385986328125
577 133.76622009277344
578 145.0790557861328
579 154.23069763183594
580 146.8880157470703
581 143.57957458496094
582 146.24942016601562
583 155.37100219726562
584 168.56072998046875
585 180.46778869628906
586 185.28330993652344
587 183.0054168701172
588 180.48570251464844
589 172.80592346191406
590 170.8948974609375
591 169.40341186523438
592 160.35556030273438
593 157.97552490234375
594 152.44822692871094
595 135.1543731689453
596 129.3976593017578
597 119.61042022705078
598 108.01487731933594
599 93.92964172363281
600 90.70025634765625
601 91.01405334472656
602 89.7405014038086
603 86.53426361083984
604 81.05274200439453
605 81.86261749267578
606 88.6134033203125
607 100.64955139160156
608 112.64449310302734
609 117.83627319335938
610 128.9730987548828
611 145.2589569091797
612 152.79092407226562
613 152.91673278808594
614 144.6555938720703
615 144.05198669433594
616 150.9182891845703
617 163.50241088867188
618 175.4064483642578
619 183.0559844970703
620 185.52484130859375
621 179.58181762695312
622 171.06387329101562
623 167.7749786376953
624 169.31919860839844
625 160.51779174804688
626 155.23744201660156
627 155.9189453125
628 139.82176208496094
629 131.03639221191406
630 124.31964111328125
631 114.57852172851562
632 100.76301574707031
633 92.30387115478516
634 93.73722839355469
635 92.81981658935547
636 89.38955688476562
637 85.58533477783203
638 84.10964965820312
639 87.9277114868164
640 98.40840911865234
641 111.2134780883789
642 117.50411224365234
643 127.57754516601562
644 144.18487548828125
645 153.47300720214844
646 159.8463134765625
647 147.30653381347656
648 142.5123748779297
649 147.52362060546875
650 158.73004150390625
651 171.57156372070312
652 182.08534240722656
653 185.511962890625
654 179.21621704101562
655 172.4520721435547
656 165.4609375
657 166.02244567871094
658 160.71803283691406
659 152.65185546875
660 156.06874084472656
661 145.12591552734375
662 131.62696838378906
663 127.14583587646484
664 118.75544738769531
665 106.02940368652344
666 95.13642120361328
667 96.71771240234375
668 95.7785873413086
669 93.32093811035156
670 89.57413482666016
671 86.7107925415039
672 88.11131286621094
673 97.09932708740234
674 110.41732788085938
675 119.65339660644531
676 126.8478775024414
677 140.14486694335938
678 152.63864135742188
679 162.68820190429688
680 152.30111694335938
681 146.48593139648438
682 147.4854278564453
683 155.30419921875
684 168.00051879882812
685 179.9207000732422
686 184.8930206298828
687 181.1584014892578
688 176.93435668945312
689 166.70303344726562
690 163.95416259765625
691 162.040771484375
692 153.683349609375
693 152.67076110839844
694 149.21287536621094
695 134.51841735839844
696 130.14418029785156
697 121.28748321533203
698 111.28252410888672
699 99.30883026123047
700 97.30279541015625
701 98.03749084472656
702 96.82608795166016
703 93.48112487792969
704 87.83330535888672
705 88.39424133300781
706 95.14241027832031
707 108.12964630126953
708 120.19927215576172
709 124.92524719238281
710 136.0872802734375
711 153.2499237060547
712 161.59695434570312
713 161.02880859375
714 150.68954467773438
715 148.60255432128906
716 154.07276916503906
717 165.42416381835938
718 175.9055938720703
719 183.04791259765625
720 185.08233642578125
721 177.22161865234375
722 166.45501708984375
723 162.13217163085938
724 163.30018615722656
725 154.902587890625
726 150.90945434570312
727 152.95718383789062
728 139.07870483398438
729 131.79896545410156
730 125.7837142944336
731 116.62539672851562
732 104.58363342285156
733 97.6034927368164
734 99.74568176269531
735 98.88917541503906
736 95.13035583496094
737 90.87025451660156
738 89.24484252929688
739 93.32421875
740 104.94468688964844
741 118.71612548828125
742 124.84493255615234
743 134.4444580078125
744 150.70523071289062
745 160.35992431640625
746 166.79598999023438
747 154.51156616210938
748 149.32064819335938
749 153.18885803222656
750 162.90640258789062
751 173.7334442138672
752 182.5987091064453
753 184.9712371826172
754 177.08741760253906
755 169.0941925048828
756 161.2359619140625
757 161.53585815429688
758 156.7740478515625
759 150.00189208984375
760 154.16558837890625
761 145.0360870361328
762 132.92872619628906
763 129.11288452148438
764 120.76261138916016
765 109.1664810180664
766 99.76058197021484
767 102.49797821044922
768 101.79728698730469
769 99.13301086425781
770 94.84545135498047
771 91.65879821777344
772 93.60505676269531
773 103.82060241699219
774 119.02014923095703
775 128.36167907714844
776 135.0208740234375
777 148.32229614257812
778 161.70823669433594
779 172.48680114746094
780 161.16127014160156
781 154.3030548095703
782 154.23648071289062
783 160.6448974609375
784 171.5350341796875
785 181.6126251220703
786 185.23834228515625
787 179.6071014404297
788 173.81544494628906
789 162.87599182128906
790 159.79608154296875
791 157.9679412841797
792 150.82498168945312
793 150.80787658691406
794 148.65542602539062
795 135.5974578857422
796 132.12039184570312
797 123.45750427246094
798 114.01641082763672
799 103.61570739746094
800 103.06187438964844
801 104.51728820800781
802 103.59870147705078
803 100.03047943115234
804 93.93204498291016
805 95.05145263671875
806 103.24993896484375
807 118.80841064453125
808 138.2080841064453
809 137.14462280273438
810 149.27212524414062
811 168.9227752685547
812 178.177978515625
813 176.34007263183594
814 162.59793090820312
815 158.58522033691406
816 162.40660095214844
817 171.84024047851562
818 180.33419799804688
819 186.00741577148438
820 186.0527801513672
821 175.50852966308594
822 163.44129943847656
823 158.70938110351562
824 159.79055786132812
825 152.16758728027344
826 149.1471710205078
827 152.07391357421875
828 139.46388244628906
829 133.2786102294922
830 127.71028900146484
831 118.67285919189453
832 107.8357925415039
833 102.05274200439453
834 104.89146423339844
835 104.5054702758789
836 100.84516906738281
837 96.80548095703125
838 95.78396606445312
839 101.55410766601562
840 115.94998168945312
841 131.85923767089844
842 138.85870361328125
843 149.5990447998047
844 167.98553466796875
845 178.5313262939453
846 184.79006958007812
847 170.2208709716797
848 163.82293701171875
849 166.51918029785156
850 173.75489807128906
851 182.61415100097656
852 189.83131408691406
853 190.1388702392578
854 179.189453125
855 170.30136108398438
856 162.22142028808594
857 163.06607055664062
858 158.86756896972656
859 152.80723571777344
860 157.70645141601562
861 148.66656494140625
862 135.95106506347656
863 131.76748657226562
864 122.52297973632812
865 111.04960632324219
866 101.3256607055664
867 103.70651245117188
868 102.94770050048828
869 100.36555480957031
870 96.49908447265625
871 94.1836929321289
872 97.5698013305664
873 109.54109954833984
874 126.61846923828125
875 136.92648315429688
876 144.46986389160156
877 158.2899932861328
878 172.57310485839844
879 184.1588897705078
880 173.2506561279297
881 166.68429565429688
882 166.17401123046875
883 170.3485107421875
884 178.8957977294922
885 187.30831909179688
886 189.4854278564453
887 181.25294494628906
888 174.45970153808594
889 164.13172912597656
890 162.28387451171875
891 161.27572631835938
892 155.1790313720703
893 155.56546020507812
894 153.75755310058594
895 140.8042449951172
896 137.3865509033203
897 127.90033721923828
898 117.83958435058594
899 106.76458740234375
900 105.24451446533203
901 106.1117172241211
902 104.9348373413086
903 101.71967315673828
904 96.9679183959961
905 99.73432922363281
906 109.39091491699219
907 126.46492767333984
908 139.9241180419922
909 144.8805694580078
910 156.21018981933594
911 175.5290985107422
912 185.28518676757812
913 184.670654296875
914 172.04737854003906
915 168.19320678710938
916 170.7066192626953
917 177.56187438964844
918 184.24212646484375
919 188.8018035888672
920 187.1706085205078
921 175.38677978515625
922 163.5868377685547
923 159.72149658203125
924 161.42848205566406
925 154.864013671875
926 152.59930419921875
927 156.2132568359375
928 143.7457733154297
929 137.13372802734375
930 130.71385192871094
931 120.53572082519531
932 109.53044128417969
933 103.15038299560547
934 105.52286529541016
935 104.39330291748047
936 100.46597290039062
937 97.02040100097656
938 96.94414520263672
939 103.869384765625
940 119.0897445678711
941 135.86184692382812
942 142.88198852539062
943 152.68878173828125
944 170.45193481445312
945 182.22030639648438
946 189.83433532714844
947 176.5614471435547
948 170.4977264404297
949 171.94578552246094
950 176.96571350097656
951 184.02581787109375
952 189.87574768066406
953 189.025634765625
954 176.78109741210938
955 167.84649658203125
956 160.5879669189453
957 162.57989501953125
958 159.43519592285156
959 154.31227111816406
960 159.7595977783203
961 151.45993041992188
962 139.2298583984375
963 134.85433959960938
964 124.64051055908203
965 113.451416015625
966 104.27574920654297
967 107.20022583007812
968 106.16433715820312
969 103.11322784423828
970 99.6588363647461
971 98.24647521972656
972 103.37909698486328
973 116.87918090820312
974 135.27516174316406
975 145.4886016845703
976 152.7772979736328
977 166.56370544433594
978 181.7266387939453
979 194.42149353027344
980 182.74127197265625
981 175.22911071777344
982 173.17266845703125
983 174.95277404785156
984 181.53909301757812
985 188.47442626953125
986 189.44029235839844
987 179.69723510742188
988 172.12510681152344
989 162.09095764160156
990 161.35256958007812
991 161.14231872558594
992 155.95838928222656
993 156.97979736328125
994 155.74005126953125
995 142.56088256835938
996 138.13710021972656
997 127.47062683105469
998 117.48484802246094
999 107.3861312866211
1000 106.7594223022461
1001 108.0896224975586
1002 107.09060668945312
1003 104.38753509521484
1004 100.3587875366211
1005 104.55207824707031
1006 115.86003875732422
1007 134.67428588867188
1008 149.30479431152344
1009 155.2039337158203
1010 177.16192626953125
1011 204.6691131591797
1012 212.45469665527344
1013 206.62449645996094
1014 188.2354278564453
1015 181.51055908203125
1016 180.65725708007812
1017 184.0904083251953
1018 187.86341857910156
1019 190.10043334960938
1020 185.96507263183594
1021 173.40174865722656
1022 162.1893310546875
1023 159.5466766357422
1024 162.24806213378906
1025 156.57594299316406
1026 154.72613525390625
1027 159.01437377929688
1028 146.93356323242188
1029 139.6702423095703
1030 132.5232696533203
1031 121.95318603515625
1032 112.08763885498047
1033 106.88314056396484
1034 109.81455993652344
1035 109.25757598876953
1036 105.84828186035156
1037 103.23516845703125
1038 104.2223892211914
1039 112.55054473876953
1040 128.66331481933594
1041 144.9740447998047
1042 151.08670043945312
1043 161.0423126220703
1044 178.04690551757812
1045 187.9469451904297
1046 193.95407104492188
1047 180.33375549316406
1048 174.2551727294922
1049 174.97265625
1050 178.2046661376953
1051 183.67250061035156
1052 187.8429718017578
1053 185.35647583007812
1054 172.01902770996094
1055 163.33445739746094
1056 157.54373168945312
1057 161.82492065429688
1058 160.53846740722656
1059 156.791015625
1060 162.95468139648438
1061 156.6206512451172
1062 148.96104431152344
1063 146.80307006835938
1064 136.53079223632812
1065 123.61632537841797
1066 113.67723846435547
1067 138.58984375
1068 134.63595581054688
1069 126.41071319580078
1070 119.22915649414062
1071 115.2175521850586
1072 119.16314697265625
1073 137.03872680664062
1074 162.99444580078125
1075 168.1297149658203
1076 182.74131774902344
1077 194.36849975585938
1078 205.2033233642578
1079 215.49095153808594
1080 197.30325317382812
1081 187.0626220703125
1082 182.53123474121094
1083 181.51144409179688
1084 186.1433868408203
1085 190.7762451171875
1086 190.3305206298828
1087 179.8956298828125
1088 173.1240997314453
1089 163.8066864013672
1090 163.66148376464844
1091 164.16822814941406
1092 159.2160186767578
1093 161.12815856933594
1094 161.0427703857422
1095 149.5290069580078
1096 144.60830688476562
1097 134.59881591796875
1098 126.14167785644531
1099 117.46917724609375
1100 117.29906463623047
1101 118.11044311523438
1102 116.65122985839844
1103 113.80836486816406
1104 109.9231185913086
1105 113.2847671508789
1106 122.91500854492188
1107 138.7217254638672
1108 151.2227783203125
1109 154.36888122558594
1110 163.96998596191406
1111 182.9850616455078
1112 195.36874389648438
1113 192.22695922851562
1114 177.92942810058594
1115 174.68544006347656
1116 175.124755859375
1117 178.86898803710938
1118 183.1660919189453
1119 185.62698364257812
1120 181.7348175048828
1121 171.949462890625
1122 163.2772979736328
1123 161.801025390625
1124 165.24502563476562
1125 160.51744079589844
1126 159.2295684814453
1127 163.32452392578125
1128 151.93653869628906
1129 145.44381713867188
1130 138.7686004638672
1131 128.51925659179688
1132 119.81877899169922
1133 115.5416259765625
1134 118.37213897705078
1135 117.92097473144531
1136 114.17504119873047
1137 111.56137084960938
1138 111.81159973144531
1139 118.15127563476562
1140 128.84510803222656
1141 142.85043334960938
1142 147.4999542236328
1143 155.58961486816406
1144 173.06385803222656
1145 185.72720336914062
1146 194.3057403564453
1147 176.0358123779297
1148 168.25306701660156
1149 168.40411376953125
1150 171.9666290283203
1151 178.05734252929688
1152 182.64556884765625
1153 180.40623474121094
1154 167.91026306152344
1155 158.55450439453125
1156 151.23947143554688
1157 152.8049774169922
1158 150.12879943847656
1159 146.76971435546875
1160 154.2694091796875
1161 148.60792541503906
1162 139.58445739746094
1163 135.9089813232422
1164 125.53980255126953
1165 116.63833618164062
1166 109.39039611816406
1167 112.9826889038086
1168 112.27442169189453
1169 109.27810668945312
1170 105.98616027832031
1171 103.83650207519531
1172 108.14920043945312
1173 120.3966293334961
1174 136.77008056640625
1175 146.4912567138672
1176 152.4950714111328
1177 164.26866149902344
1178 177.30282592773438
1179 190.51942443847656
1180 183.70297241210938
1181 180.13082885742188
1182 180.65565490722656
1183 181.8525390625
1184 186.9171142578125
1185 192.31912231445312
1186 191.47674560546875
1187 179.52554321289062
1188 173.28138732910156
1189 164.94387817382812
1190 164.08619689941406
1191 165.15882873535156
1192 160.94895935058594
1193 163.57418823242188
1194 163.04371643066406
1195 150.3377227783203
1196 145.7526092529297
1197 133.47906494140625
1198 122.87936401367188
1199 112.9339599609375
1200 112.43450164794922
1201 113.41891479492188
1202 112.02742767333984
1203 108.84136962890625
1204 104.5362777709961
1205 108.10600280761719
1206 118.61177825927734
1207 136.0853271484375
1208 149.6973114013672
1209 152.4736785888672
1210 161.79531860351562
1211 179.75942993164062
1212 190.99510192871094
1213 192.7758331298828
1214 182.5759735107422
1215 179.93109130859375
1216 180.07098388671875
1217 183.59353637695312
1218 188.0032196044922
1219 189.9817352294922
1220 185.9451141357422
1221 175.1484832763672
1222 165.72129821777344
1223 163.79135131835938
1224 168.82913208007812
1225 165.45249938964844
1226 166.0360565185547
1227 171.37646484375
1228 157.69058227539062
1229 149.378662109375
1230 141.69952392578125
1231 128.720947265625
1232 118.09767150878906
1233 116.6537857055664
1234 129.19491577148438
1235 128.37913513183594
1236 121.95440673828125
1237 117.84310913085938
1238 118.54083251953125
1239 126.63731384277344
1240 152.9144744873047
1241 181.68621826171875
1242 192.57723999023438
1243 203.5275115966797
1244 222.06028747558594
1245 230.18307495117188
1246 235.72528076171875
1247 217.60997009277344
1248 208.8553924560547
1249 207.94960021972656
1250 206.66673278808594
1251 209.86923217773438
1252 210.98104858398438
1253 204.30409240722656
1254 187.17755126953125
1255 180.4549560546875
1256 175.14559936523438
1257 181.03733825683594
1258 180.61441040039062
1259 177.53759765625
1260 187.11566162109375
1261 179.03904724121094
1262 167.28623962402344
1263 162.10208129882812
1264 145.8347625732422
1265 130.35968017578125
1266 117.3464126586914
1267 117.48600006103516
1268 115.84986114501953
1269 111.6012191772461
1270 107.9361572265625
1271 106.55306243896484
1272 113.61965942382812
1273 128.18267822265625
1274 146.43350219726562
1275 155.08860778808594
1276 158.97413635253906
1277 169.666015625
1278 183.32672119140625
1279 196.3339080810547
1280 188.04983520507812
1281 181.96261596679688
1282 180.22705078125
1283 179.55661010742188
1284 183.8085174560547
1285 188.91458129882812
1286 188.17129516601562
1287 175.2879180908203
1288 169.0641326904297
1289 162.38031005859375
1290 163.71575927734375
1291 167.08506774902344
1292 164.67620849609375
1293 169.21278381347656
1294 168.04354858398438
1295 153.36207580566406
1296 147.6630096435547
1297 133.75765991210938
1298 121.50566101074219
1299 110.18107604980469
1300 109.4075927734375
1301 110.85725402832031
1302 110.06838989257812
1303 107.3381118774414
1304 103.39984893798828
1305 106.75634765625
1306 116.94393920898438
1307 134.26329040527344
1308 146.91859436035156
1309 148.51986694335938
1310 155.23648071289062
1311 171.5867919921875
1312 184.01979064941406
1313 188.7515869140625
1314 181.74615478515625
1315 179.38613891601562
1316 179.11289978027344
1317 182.5986785888672
1318 186.3760986328125
1319 188.52406311035156
1320 182.26670837402344
1321 170.926025390625
1322 161.80796813964844
1323 160.90171813964844
1324 165.7346649169922
1325 162.660400390625
1326 163.98324584960938
1327 170.1643829345703
1328 157.95916748046875
1329 150.3998260498047
1330 141.43984985351562
1331 126.05056762695312
1332 114.04248809814453
1333 107.23210144042969
1334 109.89492797851562
1335 109.14201354980469
1336 105.3414306640625
1337 102.53713989257812
1338 103.04859161376953
1339 110.59899139404297
1340 126.7591323852539
1341 142.8994903564453
1342 147.93968200683594
1343 154.3102569580078
1344 169.9521026611328
1345 183.18223571777344
1346 195.59170532226562
1347 187.3524932861328
1348 183.08615112304688
1349 182.04396057128906
1350 183.83262634277344
1351 189.20028686523438
1352 193.51698303222656
1353 189.02667236328125
1354 174.3055877685547
1355 165.2650909423828
1356 159.29075622558594
1357 165.25686645507812
1358 166.43359375
1359 165.44789123535156
1360 176.03733825683594
1361 167.2904815673828
1362 153.61451721191406
1363 147.98817443847656
1364 132.123291015625
1365 118.90756225585938
1366 108.33025360107422
1367 111.93316650390625
1368 112.94161987304688
1369 110.73876190185547
1370 107.06570434570312
1371 106.4966049194336
1372 111.7005386352539
1373 125.91719055175781
1374 144.56655883789062
1375 152.3972625732422
1376 153.2687225341797
1377 162.10121154785156
1378 175.6931610107422
1379 190.56300354003906
1380 186.0159912109375
1381 183.99403381347656
1382 182.46121215820312
1383 182.28152465820312
1384 187.1127166748047
1385 191.97181701660156
1386 190.5248260498047
1387 177.4271240234375
1388 169.68203735351562
1389 161.26776123046875
1390 161.76266479492188
1391 163.32034301757812
1392 160.37351989746094
1393 165.93959045410156
1394 166.48007202148438
1395 154.86761474609375
1396 151.0330047607422
1397 135.35467529296875
1398 121.71040344238281
1399 110.10540771484375
1400 109.90916442871094
1401 112.62530517578125
1402 111.74412536621094
1403 108.13753509521484
1404 103.8576889038086
1405 108.70088958740234
1406 121.21695709228516
1407 141.24461364746094
1408 153.8226776123047
1409 153.69764709472656
1410 160.10777282714844
1411 177.66802978515625
1412 192.57400512695312
1413 198.17724609375
1414 191.2288360595703
1415 187.50399780273438
1416 186.2404327392578
1417 188.69529724121094
1418 191.7860107421875
1419 193.93296813964844
1420 187.21461486816406
1421 173.65597534179688
1422 161.9921417236328
1423 160.00811767578125
1424 162.76226806640625
1425 159.26121520996094
1426 161.2534942626953
1427 167.46054077148438
1428 157.05789184570312
1429 152.4685516357422
1430 144.7661895751953
1431 129.3571319580078
1432 117.59696960449219
1433 110.82974243164062
1434 115.07633209228516
1435 116.78916931152344
1436 113.47644805908203
1437 110.19757843017578
1438 111.1847152709961
1439 120.47721862792969
1440 139.2260284423828
1441 154.79034423828125
1442 157.5093231201172
1443 161.2633819580078
1444 174.59811401367188
1445 186.69920349121094
1446 198.08470153808594
1447 189.6790771484375
1448 184.95541381835938
1449 184.01937866210938
1450 185.0680694580078
1451 189.31130981445312
1452 192.61614990234375
1453 189.03831481933594
1454 174.78273010253906
1455 165.66683959960938
1456 159.59544372558594
1457 163.1639404296875
1458 162.13681030273438
1459 160.7398223876953
1460 170.22035217285156
1461 162.30458068847656
1462 152.2633819580078
1463 148.59120178222656
1464 133.44522094726562
1465 120.54305267333984
1466 110.08091735839844
1467 114.43096160888672
1468 116.39749145507812
1469 117.13897705078125
1470 114.82549285888672
1471 114.38028717041016
1472 121.52992248535156
1473 138.85916137695312
1474 159.42320251464844
1475 167.20159912109375
1476 167.41915893554688
1477 176.20249938964844
1478 187.955810546875
1479 201.12734985351562
1480 191.4754180908203
1481 186.8880157470703
1482 184.2261962890625
1483 183.17930603027344
1484 187.8784942626953
1485 192.75941467285156
1486 192.74627685546875
1487 180.1944580078125
1488 173.63536071777344
1489 166.42637634277344
1490 214.0453338623047
1491 245.30752563476562
1492 264.6968994140625
1493 276.5307922363281
1494 184.85006713867188
1495 164.08392333984375
1496 156.57772827148438
1497 144.8341064453125
1498 133.1114501953125
1499 121.96085357666016
1500 119.14315795898438
1501 118.19374084472656
1502 115.01626586914062
1503 110.88621520996094
1504 106.61930847167969
1505 108.23303985595703
1506 114.42835235595703
1507 126.41405487060547
1508 133.82070922851562
1509 136.21690368652344
1510 143.66232299804688
1511 157.2367401123047
1512 165.69590759277344
1513 166.09158325195312
1514 158.4436798095703
1515 154.66763305664062
1516 153.6976318359375
1517 157.08349609375
1518 160.8541259765625
1519 163.73831176757812
1520 159.60414123535156
1521 150.21456909179688
1522 141.0400848388672
1523 138.34596252441406
1524 139.3081817626953
1525 136.24526977539062
1526 136.4584503173828
1527 141.8683624267578
1528 137.01930236816406
1529 134.15771484375
1530 129.78826904296875
1531 119.98072814941406
1532 112.2133560180664
1533 107.65685272216797
1534 111.236328125
1535 110.1153793334961
1536 106.86697387695312
1537 104.4474105834961
1538 105.4921875
1539 111.7046127319336
1540 126.75552368164062
1541 139.74850463867188
1542 143.50389099121094
1543 150.0804443359375
1544 164.02540588378906
1545 173.4252166748047
1546 182.4622344970703
1547 174.50946044921875
1548 169.9547119140625
1549 168.92723083496094
1550 169.52505493164062
1551 173.8995361328125
1552 177.6942596435547
1553 174.33082580566406
1554 160.6350555419922
1555 153.73944091796875
1556 148.22096252441406
1557 149.81072998046875
1558 148.2146759033203
1559 146.2183837890625
1560 154.52195739746094
1561 152.1375732421875
1562 145.75790405273438
1563 144.1322021484375
1564 131.3092041015625
1565 119.71553802490234
1566 110.13155364990234
1567 113.8094253540039
1568 112.89273071289062
1569 109.96135711669922
1570 106.57838439941406
1571 105.78777313232422
1572 110.61427307128906
1573 124.49098205566406
1574 141.6837615966797
1575 148.33140563964844
1576 149.3015594482422
1577 157.20120239257812
1578 167.61338806152344
1579 176.73992919921875
1580 167.4901580810547
1581 159.73635864257812
1582 156.78260803222656
1583 153.4993438720703
1584 154.1795196533203
1585 155.2987060546875
1586 154.09202575683594
1587 141.50714111328125
1588 135.83721923828125
1589 129.2529296875
1590 127.09813690185547
1591 130.53488159179688
1592 168.43679809570312
1593 161.3667755126953
1594 164.56076049804688
1595 171.64016723632812
1596 173.7037353515625
1597 162.30625915527344
1598 149.65731811523438
1599 141.6841278076172
1600 144.2252655029297
1601 150.16314697265625
1602 151.91542053222656
1603 147.81271362304688
1604 144.67874145507812
1605 150.65777587890625
1606 165.9459686279297
1607 145.11444091796875
1608 137.67979431152344
1609 199.6157989501953
1610 207.30137634277344
1611 222.8127899169922
1612 225.9110107421875
1613 222.76499938964844
1614 208.22265625
1615 202.15512084960938
1616 197.04922485351562
1617 194.85076904296875
1618 197.6266326904297
1619 201.09664916992188
1620 194.74098205566406
1621 177.15704345703125
1622 159.31887817382812
1623 155.132080078125
1624 155.98654174804688
1625 147.78489685058594
1626 149.35113525390625
1627 161.16647338867188
1628 154.55088806152344
1629 154.86761474609375
1630 151.6056671142578
1631 136.6121063232422
1632 121.41069030761719
1633 111.95415496826172
1634 116.4536361694336
1635 118.90327453613281
1636 117.18250274658203
1637 116.12203216552734
1638 123.19298553466797
1639 142.1794891357422
1640 166.6527862548828
1641 181.82423400878906
1642 187.93130493164062
1643 195.99986267089844
1644 209.9193572998047
1645 218.7095184326172
1646 227.37191772460938
1647 217.2188720703125
1648 210.96621704101562
1649 208.5562286376953
1650 204.04795837402344
1651 206.6458282470703
1652 208.36741638183594
1653 204.79611206054688
1654 187.59483337402344
1655 175.4626922607422
1656 165.54925537109375
1657 166.34410095214844
1658 161.26602172851562
1659 157.16387939453125
1660 167.2293243408203
1661 168.1305694580078
1662 169.134521484375
1663 143.6951141357422
1664 130.79254150390625
1665 116.36407470703125
1666 104.7862777709961
1667 106.92696380615234
1668 105.99900817871094
1669 102.11730194091797
1670 98.06668853759766
1671 96.2490005493164
1672 100.60841369628906
1673 115.44090270996094
1674 133.99476623535156
1675 141.02871704101562
1676 141.95333862304688
1677 151.67140197753906
1678 165.4905242919922
1679 177.9498291015625
1680 172.54930114746094
1681 173.24375915527344
1682 172.9446563720703
1683 172.4462127685547
1684 174.37542724609375
1685 175.24317932128906
1686 173.92343139648438
1687 159.76478576660156
1688 153.6149444580078
1689 148.37155151367188
1690 147.5039520263672
1691 149.67141723632812
1692 150.04745483398438
1693 154.77622985839844
1694 157.678955078125
1695 146.82687377929688
1696 145.93946838378906
1697 132.84539794921875
1698 118.7585220336914
1699 106.05329132080078
1700 106.17710876464844
1701 109.39015197753906
1702 109.25410461425781
1703 106.0238265991211
1704 100.67469787597656
1705 104.71690368652344
1706 118.24845123291016
1707 141.27593994140625
1708 154.73263549804688
1709 153.54417419433594
1710 160.07801818847656
1711 176.77757263183594
1712 186.928955078125
1713 188.11854553222656
1714 184.33932495117188
1715 182.78982543945312
1716 181.6457061767578
1717 182.0820770263672
1718 182.17958068847656
1719 182.6534881591797
1720 173.56201171875
1721 163.58404541015625
1722 156.65342712402344
1723 155.82333374023438
1724 158.09951782226562
1725 156.19064331054688
1726 158.35035705566406
1727 165.60641479492188
1728 156.49078369140625
1729 152.01182556152344
1730 145.4798583984375
1731 127.93718719482422
1732 113.69346618652344
1733 107.06147766113281
1734 111.64918518066406
1735 112.79109954833984
1736 109.38082122802734
1737 105.23304748535156
1738 105.73764038085938
1739 115.41938781738281
1740 138.484375
1741 157.1495361328125
1742 158.47918701171875
1743 162.63560485839844
1744 177.6476287841797
1745 189.27914428710938
1746 196.81983947753906
1747 186.63853454589844
1748 183.67127990722656
1749 182.6249237060547
1750 181.60462951660156
1751 182.93356323242188
1752 184.13922119140625
1753 178.357177734375
1754 164.3063201904297
1755 154.8220977783203
1756 143.91610717773438
1757 156.50320434570312
1758 156.59396362304688
1759 153.64724731445312
1760 175.7509765625
1761 171.03826904296875
1762 166.23890686035156
1763 167.37155151367188
1764 154.6430206298828
1765 142.29696655273438
1766 133.48924255371094
1767 143.29458618164062
1768 149.17803955078125
1769 149.2738494873047
1770 144.7964324951172
1771 144.12698364257812
1772 151.12594604492188
1773 168.99050903320312
1774 186.70248413085938
1775 193.11752319335938
1776 197.2006072998047
1777 204.64154052734375
1778 211.35101318359375
1779 220.08367919921875
1780 209.7496337890625
1781 200.84576416015625
1782 196.90145874023438
1783 190.95802307128906
1784 191.32382202148438
1785 193.7255401611328
1786 195.85113525390625
1787 185.60269165039062
1788 178.1143798828125
1789 167.75827026367188
1790 167.1756134033203
1791 169.86050415039062
1792 170.89584350585938
1793 182.1012725830078
1794 186.001953125
1795 177.85107421875
1796 179.59500122070312
1797 169.0680694580078
1798 155.49365234375
1799 144.6804962158203
1800 147.8767547607422
1801 156.19569396972656
1802 159.4263916015625
1803 155.1729736328125
1804 149.7529754638672
1805 153.30999755859375
1806 165.68360900878906
1807 177.72996520996094
1808 175.2398223876953
1809 175.74819946289062
1810 183.53469848632812
1811 204.09051513671875
1812 216.07711791992188
1813 222.01487731933594
1814 215.17384338378906
1815 209.092041015625
1816 198.06394958496094
1817 183.86932373046875
1818 174.52667236328125
1819 166.30413818359375
1820 165.67428588867188
1821 162.8739776611328
1822 163.298583984375
1823 163.03640747070312
1824 169.42628479003906
1825 169.12742614746094
1826 172.0872344970703
1827 183.1700897216797
1828 177.46324157714844
1829 177.58181762695312
1830 174.23695373535156
1831 155.58056640625
1832 139.43873596191406
1833 132.0752410888672
1834 141.77536010742188
1835 147.2618865966797
1836 146.2653350830078
1837 143.409912109375
1838 143.82989501953125
1839 155.80747985839844
1840 177.33424377441406
1841 193.2050018310547
1842 198.29345703125
1843 203.32627868652344
1844 214.37777709960938
1845 221.358642578125
1846 228.22056579589844
1847 217.38417053222656
1848 214.49888610839844
1849 212.87681579589844
1850 207.84776306152344
1851 210.7609100341797
1852 209.6325225830078
1853 200.14651489257812
1854 182.07037353515625
1855 172.6533203125
1856 166.36636352539062
1857 169.71685791015625
1858 171.13951110839844
1859 171.40631103515625
1860 183.24240112304688
1861 181.6525115966797
1862 178.2279052734375
1863 180.52186584472656
1864 166.00074768066406
1865 150.54359436035156
1866 139.46432495117188
1867 149.65806579589844
1868 155.92987060546875
1869 157.17990112304688
1870 151.17051696777344
1871 147.60525512695312
1872 153.13851928710938
1873 170.14694213867188
1874 188.5072784423828
1875 192.1295166015625
1876 193.95570373535156
1877 201.70538330078125
1878 227.2467041015625
1879 236.18284606933594
1880 221.8490753173828
1881 208.5033721923828
1882 200.61534118652344
1883 196.7904815673828
1884 202.92100524902344
1885 208.76036071777344
1886 206.73487854003906
1887 189.6036376953125
1888 177.04922485351562
1889 163.91220092773438
1890 162.6313018798828
1891 165.37220764160156
1892 165.96044921875
1893 175.97506713867188
1894 182.8286895751953
1895 174.53091430664062
1896 175.52621459960938
1897 164.73240661621094
1898 148.8250274658203
1899 127.42996978759766
1900 123.73129272460938
1901 129.35487365722656
1902 133.56982421875
1903 132.64419555664062
1904 131.08749389648438
1905 138.65672302246094
1906 157.24098205566406
1907 179.2301788330078
1908 187.5522918701172
1909 187.064453125
1910 191.44937133789062
1911 205.0316162109375
1912 214.17999267578125
1913 217.0845489501953
1914 205.86485290527344
1915 202.12330627441406
1916 198.27096557617188
1917 204.39956665039062
1918 210.7919158935547
1919 214.63922119140625
1920 205.42141723632812
1921 185.42446899414062
1922 168.2591094970703
1923 164.3855438232422
1924 168.68992614746094
1925 169.57681274414062
1926 174.82461547851562
1927 186.01425170898438
1928 176.8898468017578
1929 174.94021606445312
1930 172.2311553955078
1931 156.3876495361328
1932 137.89321899414062
1933 125.7545394897461
1934 132.58668518066406
1935 135.91151428222656
1936 134.61705017089844
1937 133.9841766357422
1938 137.62802124023438
1939 153.33877563476562
1940 176.7295379638672
1941 188.5036163330078
1942 189.18124389648438
1943 191.8614501953125
1944 201.5180206298828
1945 210.5554656982422
1946 220.49237060546875
1947 207.75570678710938
1948 202.01246643066406
1949 202.82760620117188
1950 205.67977905273438
1951 213.18133544921875
1952 216.0595703125
1953 213.06597900390625
1954 193.99623107910156
1955 171.81040954589844
1956 141.1038818359375
1957 144.46334838867188
1958 147.62158203125
1959 150.95892333984375
1960 168.5954132080078
1961 190.16590881347656
1962 159.9737548828125
1963 161.71168518066406
1964 150.34095764160156
1965 134.9622802734375
1966 126.1744155883789
1967 138.90110778808594
1968 142.81117248535156
1969 142.4109344482422
1970 138.5963134765625
1971 137.19842529296875
1972 142.75311279296875
1973 159.0760040283203
1974 175.90811157226562
1975 181.80987548828125
1976 183.85548400878906
1977 190.77024841308594
1978 200.05718994140625
1979 209.96998596191406
1980 204.14495849609375
1981 199.29544067382812
1982 161.28858947753906
1983 66.14791107177734
1984 67.61894226074219
1985 71.50167083740234
1986 75.98407745361328
1987 71.09326934814453
1988 68.75975799560547
1989 67.73424530029297
1990 72.4368896484375
1991 79.6658935546875
1992 82.9399185180664
1993 90.24224853515625
1994 224.01690673828125
1995 218.5869140625
1996 220.46206665039062
1997 207.14874267578125
1998 182.33358764648438
1999 160.52267456054688
2000 158.10543823242188
